1 LIAM 9 9 9 9 9 9 9 9 9 9 9 9 9 9 9 9 9 9 9
2 NOAH 9 9 9 9 9 9 9 9 9 9 9 9 9 9 9 9 9 9 9
3 OLIVER 6 6 6 6 6 6 6 6 6 6 6 6 6 6 6 6 6 6 6
4 ELIJAH 7 7 7 7 7 7 7 7 7 7 7 7 7 7 7 7 7 7 7
5 JAMES 5 5 5 5 5 5 5 5 5 5 5 5 5 5 5 5 5 5 5
6 WILLIAM 1 1 1 1 1 1 1 1 1 1 1 1 1 1 1 1 1 1 1
7 BENJAMIN 6 6 6 6 6 6 6 6 6 6 6 6 6 6 6 6 6 6 6
8 LUCAS 7 7 7 7 7 7 7 7 7 7 7 7 7 7 7 7 7 7 7
9 HENRY 9 9 9 9 9 9 9 9 9 9 9 9 9 9 9 9 9 9 9
10 THEODORE 3 3 3 3 3 3 3 3 3 3 3 3 3 3 3 3 3 3 3
11 JACK 7 7 7 7 7 7 7 7 7 7 7 7 7 7 7 7 7 7 7
12 LEVI 6 6 6 6 6 6 6 6 6 6 6 6 6 6 6 6 6 6 6
13 ALEXANDER 4 4 4 4 4 4 4 4 4 4 4 4 4 4 4 4 4 4 4
14 JACKSON 4 4 4 4 4 4 4 4 4 4 4 4 4 4 4 4 4 4 4
15 MATEO 3 3 3 3 3 3 3 3 3 3 3 3 3 3 3 3 3 3 3
16 DANIEL 1 1 1 1 1 1 1 1 1 1 1 1 1 1 1 1 1 1 1
17 MICHAEL 4 4 4 4 4 4 4 4 4 4 4 4 4 4 4 4 4 4 4
18 MASON 2 2 2 2 2 2 2 2 2 2 2 2 2 2 2 2 2 2 2
19 SEBASTIAN 7 7 7 7 7 7 7 7 7 7 7 7 7 7 7 7 7 7 7
20 ETHAN 2 2 2 2 2 2 2 2 2 2 2 2 2 2 2 2 2 2 2
21 LOGAN 1 1 1 1 1 1 1 1 1 1 1 1 1 1 1 1 1 1 1
22 OWEN 5 5 5 5 5 5 5 5 5 5 5 5 5 5 5 5 5 5 5
23 SAMUEL 4 4 4 4 4 4 4 4 4 4 4 4 4 4 4 4 4 4 4
24 JACOB 5 5 5 5 5 5 5 5 5 5 5 5 5 5 5 5 5 5 5
25 ASHER 7 7 7 7 7 7 7 7 7 7 7 7 7 7 7 7 7 7 7
26 AIDEN 7 7 7 7 7 7 7 7 7 7 7 7 7 7 7 7 7 7 7
27 JOHN 9 9 9 9 9 9 9 9 9 9 9 9 9 9 9 9 9 9 9
28 JOSEPH 2 2 2 2 2 2 2 2 2 2 2 2 2 2 2 2 2 2 2
29 WYATT 7 7 7 7 7 7 7 7 7 7 7 7 7 7 7 7 7 7 7
30 DAVID 7 7 7 7 7 7 7 7 7 7 7 7 7 7 7 7 7 7 7
31 LEO 6 6 6 6 6 6 6 6 6 6 6 6 6 6 6 6 6 6 6
32 LUKE 7 7 7 7 7 7 7 7 7 7 7 7 7 7 7 7 7 7 7
33 JULIAN 8 8 8 8 8 8 8 8 8 8 8 8 8 8 8 8 8 8 8
34 HUDSON 3 3 3 3 3 3 3 3 3 3 3 3 3 3 3 3 3 3 3
35 GRAYSON 4 4 4 4 4 4 4 4 4 4 4 4 4 4 4 4 4 4 4
36 MATTHEW 2 2 2 2 2 2 2 2 2 2 2 2 2 2 2 2 2 2 2
37 EZRA 6 6 6 6 6 6 6 6 6 6 6 6 6 6 6 6 6 6 6
38 GABRIEL 8 8 8 8 8 8 8 8 8 8 8 8 8 8 8 8 8 8 8
39 CARTER 8 8 8 8 8 8 8 8 8 8 8 8 8 8 8 8 8 8 8
40 ISAAC 9 9 9 9 9 9 9 9 9 9 9 9 9 9 9 9 9 9 9
41 JAYDEN 8 8 8 8 8 8 8 8 8 8 8 8 8 8 8 8 8 8 8
42 LUCA 4 4 4 4 4 4 4 4 4 4 4 4 4 4 4 4 4 4 4
43 ANTHONY 1 1 1 1 1 1 1 1 1 1 1 1 1 1 1 1 1 1 1
44 DYLAN 5 5 5 5 5 5 5 5 5 5 5 5 5 5 5 5 5 5 5
45 LINCOLN 9 9 9 9 9 9 9 9 9 9 9 9 9 9 9 9 9 9 9
46 THOMAS 6 6 6 6 6 6 6 6 6 6 6 6 6 6 6 6 6 6 6
47 MAVERICK 6 6 6 6 6 6 6 6 6 6 6 6 6 6 6 6 6 6 6
48 ELIAS 4 4 4 4 4 4 4 4 4 4 4 4 4 4 4 4 4 4 4
49 JOSIAH 9 9 9 9 9 9 9 9 9 9 9 9 9 9 9 9 9 9 9
50 CHARLES 4 4 4 4 4 4 4 4 4 4 4 4 4 4 4 4 4 4 4
51 CALEB 5 5 5 5 5 5 5 5 5 5 5 5 5 5 5 5 5 5 5
52 CHRISTOPHER 9 9 9 9 9 9 9 9 9 9 9 9 9 9 9 9 9 9 9
53 EZEKIEL 1 1 1 1 1 1 1 1 1 1 1 1 1 1 1 1 1 1 1
54 MILES 7 7 7 7 7 7 7 7 7 7 7 7 7 7 7 7 7 7 7
55 JAXON 1 1 1 1 1 1 1 1 1 1 1 1 1 1 1 1 1 1 1
56 ISAIAH 3 3 3 3 3 3 3 3 3 3 3 3 3 3 3 3 3 3 3
57 ANDREW 5 5 5 5 5 5 5 5 5 5 5 5 5 5 5 5 5 5 5
58 JOSHUA 5 5 5 5 5 5 5 5 5 5 5 5 5 5 5 5 5 5 5
59 NATHAN 3 3 3 3 3 3 3 3 3 3 3 3 3 3 3 3 3 3 3
60 NOLAN 3 3 3 3 3 3 3 3 3 3 3 3 3 3 3 3 3 3 3
61 ADRIAN 5 5 5 5 5 5 5 5 5 5 5 5 5 5 5 5 5 5 5
62 CAMERON 9 9 9 9 9 9 9 9 9 9 9 9 9 9 9 9 9 9 9
63 SANTIAGO 7 7 7 7 7 7 7 7 7 7 7 7 7 7 7 7 7 7 7
64 ELI 9 9 9 9 9 9 9 9 9 9 9 9 9 9 9 9 9 9 9
65 AARON 7 7 7 7 7 7 7 7 7 7 7 7 7 7 7 7 7 7 7
66 RYAN 9 9 9 9 9 9 9 9 9 9 9 9 9 9 9 9 9 9 9
67 ANGEL 8 8 8 8 8 8 8 8 8 8 8 8 8 8 8 8 8 8 8
68 COOPER 5 5 5 5 5 5 5 5 5 5 5 5 5 5 5 5 5 5 5
69 WAYLON 5 5 5 5 5 5 5 5 5 5 5 5 5 5 5 5 5 5 5
70 EASTON 7 7 7 7 7 7 7 7 7 7 7 7 7 7 7 7 7 7 7
71 KAI 4 4 4 4 4 4 4 4 4 4 4 4 4 4 4 4 4 4 4
72 CHRISTIAN 7 7 7 7 7 7 7 7 7 7 7 7 7 7 7 7 7 7 7
73 LANDON 7 7 7 7 7 7 7 7 7 7 7 7 7 7 7 7 7 7 7
74 COLTON 2 2 2 2 2 2 2 2 2 2 2 2 2 2 2 2 2 2 2
75 ROMAN 1 1 1 1 1 1 1 1 1 1 1 1 1 1 1 1 1 1 1
76 AXEL 5 5 5 5 5 5 5 5 5 5 5 5 5 5 5 5 5 5 5
77 BROOKS 5 5 5 5 5 5 5 5 5 5 5 5 5 5 5 5 5 5 5
78 JONATHAN 2 2 2 2 2 2 2 2 2 2 2 2 2 2 2 2 2 2 2
79 ROBERT 4 4 4 4 4 4 4 4 4 4 4 4 4 4 4 4 4 4 4
80 JAMESON 8 8 8 8 8 8 8 8 8 8 8 8 8 8 8 8 8 8 8
81 IAN 7 7 7 7 7 7 7 7 7 7 7 7 7 7 7 7 7 7 7
82 EVERETT 4 4 4 4 4 4 4 4 4 4 4 4 4 4 4 4 4 4 4
83 GREYSON 8 8 8 8 8 8 8 8 8 8 8 8 8 8 8 8 8 8 8
84 WESLEY 5 5 5 5 5 5 5 5 5 5 5 5 5 5 5 5 5 5 5
85 JEREMIAH 6 6 6 6 6 6 6 6 6 6 6 6 6 6 6 6 6 6 6
86 HUNTER 9 9 9 9 9 9 9 9 9 9 9 9 9 9 9 9 9 9 9
87 LEONARDO 7 7 7 7 7 7 7 7 7 7 7 7 7 7 7 7 7 7 7
88 JORDAN 2 2 2 2 2 2 2 2 2 2 2 2 2 2 2 2 2 2 2
89 JOSE 7 7 7 7 7 7 7 7 7 7 7 7 7 7 7 7 7 7 7
90 BENNETT 3 3 3 3 3 3 3 3 3 3 3 3 3 3 3 3 3 3 3
91 SILAS 2 2 2 2 2 2 2 2 2 2 2 2 2 2 2 2 2 2 2
92 NICHOLAS 1 1 1 1 1 1 1 1 1 1 1 1 1 1 1 1 1 1 1
93 PARKER 2 2 2 2 2 2 2 2 2 2 2 2 2 2 2 2 2 2 2
94 BEAU 5 5 5 5 5 5 5 5 5 5 5 5 5 5 5 5 5 5 5
95 WESTON 3 3 3 3 3 3 3 3 3 3 3 3 3 3 3 3 3 3 3
96 AUSTIN 2 2 2 2 2 2 2 2 2 2 2 2 2 2 2 2 2 2 2
97 CONNOR 2 2 2 2 2 2 2 2 2 2 2 2 2 2 2 2 2 2 2
98 CARSON 3 3 3 3 3 3 3 3 3 3 3 3 3 3 3 3 3 3 3
99 DOMINIC 7 7 7 7 7 7 7 7 7 7 7 7 7 7 7 7 7 7 7
100 XAVIER 2 2 2 2 2 2 2 2 2 2 2 2 2 2 2 2 2 2 2
101 JAXSON 4 4 4 4 4 4 4 4 4 4 4 4 4 4 4 4 4 4 4
102 JACE 1 1 1 1 1 1 1 1 1 1 1 1 1 1 1 1 1 1 1
103 EMMETT 8 8 8 8 8 8 8 8 8 8 8 8 8 8 8 8 8 8 8
104 ADAM 1 1 1 1 1 1 1 1 1 1 1 1 1 1 1 1 1 1 1
105 DECLAN 3 3 3 3 3 3 3 3 3 3 3 3 3 3 3 3 3 3 3
106 ROWAN 3 3 3 3 3 3 3 3 3 3 3 3 3 3 3 3 3 3 3
107 MICAH 5 5 5 5 5 5 5 5 5 5 5 5 5 5 5 5 5 5 5
108 KAYDEN 9 9 9 9 9 9 9 9 9 9 9 9 9 9 9 9 9 9 9
109 GAEL 3 3 3 3 3 3 3 3 3 3 3 3 3 3 3 3 3 3 3
110 RIVER 7 7 7 7 7 7 7 7 7 7 7 7 7 7 7 7 7 7 7
111 RYDER 5 5 5 5 5 5 5 5 5 5 5 5 5 5 5 5 5 5 5
112 KINGSTON 3 3 3 3 3 3 3 3 3 3 3 3 3 3 3 3 3 3 3
113 DAMIAN 7 7 7 7 7 7 7 7 7 7 7 7 7 7 7 7 7 7 7
114 SAWYER 9 9 9 9 9 9 9 9 9 9 9 9 9 9 9 9 9 9 9
115 LUKA 3 3 3 3 3 3 3 3 3 3 3 3 3 3 3 3 3 3 3
116 EVAN 8 8 8 8 8 8 8 8 8 8 8 8 8 8 8 8 8 8 8
117 VINCENT 2 2 2 2 2 2 2 2 2 2 2 2 2 2 2 2 2 2 2
118 LEGEND 7 7 7 7 7 7 7 7 7 7 7 7 7 7 7 7 7 7 7
119 MYLES 7 7 7 7 7 7 7 7 7 7 7 7 7 7 7 7 7 7 7
120 HARRISON 8 8 8 8 8 8 8 8 8 8 8 8 8 8 8 8 8 8 8
121 AUGUST 5 5 5 5 5 5 5 5 5 5 5 5 5 5 5 5 5 5 5
122 BRYSON 2 2 2 2 2 2 2 2 2 2 2 2 2 2 2 2 2 2 2
123 AMIR 8 8 8 8 8 8 8 8 8 8 8 8 8 8 8 8 8 8 8
124 GIOVANNI 2 2 2 2 2 2 2 2 2 2 2 2 2 2 2 2 2 2 2
125 CHASE 8 8 8 8 8 8 8 8 8 8 8 8 8 8 8 8 8 8 8
126 DIEGO 2 2 2 2 2 2 2 2 2 2 2 2 2 2 2 2 2 2 2
127 MILO 6 6 6 6 6 6 6 6 6 6 6 6 6 6 6 6 6 6 6
128 JASPER 2 2 2 2 2 2 2 2 2 2 2 2 2 2 2 2 2 2 2
129 WALKER 1 1 1 1 1 1 1 1 1 1 1 1 1 1 1 1 1 1 1
130 JASON 8 8 8 8 8 8 8 8 8 8 8 8 8 8 8 8 8 8 8
131 BRAYDEN 2 2 2 2 2 2 2 2 2 2 2 2 2 2 2 2 2 2 2
132 COLE 9 9 9 9 9 9 9 9 9 9 9 9 9 9 9 9 9 9 9
133 NATHANIEL 3 3 3 3 3 3 3 3 3 3 3 3 3 3 3 3 3 3 3
134 GEORGE 7 7 7 7 7 7 7 7 7 7 7 7 7 7 7 7 7 7 7
135 LORENZO 9 9 9 9 9 9 9 9 9 9 9 9 9 9 9 9 9 9 9
136 ZION 2 2 2 2 2 2 2 2 2 2 2 2 2 2 2 2 2 2 2
137 LUIS 4 4 4 4 4 4 4 4 4 4 4 4 4 4 4 4 4 4 4
138 ARCHER 9 9 9 9 9 9 9 9 9 9 9 9 9 9 9 9 9 9 9
139 ENZO 6 6 6 6 6 6 6 6 6 6 6 6 6 6 6 6 6 6 6
140 JONAH 1 1 1 1 1 1 1 1 1 1 1 1 1 1 1 1 1 1 1
141 THIAGO 3 3 3 3 3 3 3 3 3 3 3 3 3 3 3 3 3 3 3
142 THEO 3 3 3 3 3 3 3 3 3 3 3 3 3 3 3 3 3 3 3
143 AYDEN 7 7 7 7 7 7 7 7 7 7 7 7 7 7 7 7 7 7 7
144 ZACHARY 2 2 2 2 2 2 2 2 2 2 2 2 2 2 2 2 2 2 2
145 CALVIN 1 1 1 1 1 1 1 1 1 1 1 1 1 1 1 1 1 1 1
146 BRAXTON 8 8 8 8 8 8 8 8 8 8 8 8 8 8 8 8 8 8 8
147 ASHTON 7 7 7 7 7 7 7 7 7 7 7 7 7 7 7 7 7 7 7
148 RHETT 2 2 2 2 2 2 2 2 2 2 2 2 2 2 2 2 2 2 2
149 ATLAS 3 3 3 3 3 3 3 3 3 3 3 3 3 3 3 3 3 3 3
150 JUDE 7 7 7 7 7 7 7 7 7 7 7 7 7 7 7 7 7 7 7
151 BENTLEY 7 7 7 7 7 7 7 7 7 7 7 7 7 7 7 7 7 7 7
152 CARLOS 1 1 1 1 1 1 1 1 1 1 1 1 1 1 1 1 1 1 1
153 RYKER 3 3 3 3 3 3 3 3 3 3 3 3 3 3 3 3 3 3 3
154 ADRIEL 7 7 7 7 7 7 7 7 7 7 7 7 7 7 7 7 7 7 7
155 ARTHUR 2 2 2 2 2 2 2 2 2 2 2 2 2 2 2 2 2 2 2
156 ACE 9 9 9 9 9 9 9 9 9 9 9 9 9 9 9 9 9 9 9
157 TYLER 6 6 6 6 6 6 6 6 6 6 6 6 6 6 6 6 6 6 6
158 JAYCE 2 2 2 2 2 2 2 2 2 2 2 2 2 2 2 2 2 2 2
159 MAX 1 1 1 1 1 1 1 1 1 1 1 1 1 1 1 1 1 1 1
160 ELLIOT 5 5 5 5 5 5 5 5 5 5 5 5 5 5 5 5 5 5 5
161 GRAHAM 7 7 7 7 7 7 7 7 7 7 7 7 7 7 7 7 7 7 7
162 KAIDEN 9 9 9 9 9 9 9 9 9 9 9 9 9 9 9 9 9 9 9
163 MAXWELL 9 9 9 9 9 9 9 9 9 9 9 9 9 9 9 9 9 9 9
164 JUAN 4 4 4 4 4 4 4 4 4 4 4 4 4 4 4 4 4 4 4
165 DEAN 6 6 6 6 6 6 6 6 6 6 6 6 6 6 6 6 6 6 6
166 MATTEO 7 7 7 7 7 7 7 7 7 7 7 7 7 7 7 7 7 7 7
167 MALACHI 9 9 9 9 9 9 9 9 9 9 9 9 9 9 9 9 9 9 9
168 IVAN 4 4 4 4 4 4 4 4 4 4 4 4 4 4 4 4 4 4 4
169 ELLIOTT 9 9 9 9 9 9 9 9 9 9 9 9 9 9 9 9 9 9 9
170 JESUS 9 9 9 9 9 9 9 9 9 9 9 9 9 9 9 9 9 9 9
171 EMILIANO 9 9 9 9 9 9 9 9 9 9 9 9 9 9 9 9 9 9 9
172 MESSIAH 4 4 4 4 4 4 4 4 4 4 4 4 4 4 4 4 4 4 4
173 GAVIN 7 7 7 7 7 7 7 7 7 7 7 7 7 7 7 7 7 7 7
174 MADDOX 7 7 7 7 7 7 7 7 7 7 7 7 7 7 7 7 7 7 7
175 CAMDEN 4 4 4 4 4 4 4 4 4 4 4 4 4 4 4 4 4 4 4
176 HAYDEN 3 3 3 3 3 3 3 3 3 3 3 3 3 3 3 3 3 3 3
177 LEON 2 2 2 2 2 2 2 2 2 2 2 2 2 2 2 2 2 2 2
178 ANTONIO 3 3 3 3 3 3 3 3 3 3 3 3 3 3 3 3 3 3 3
179 JUSTIN 2 2 2 2 2 2 2 2 2 2 2 2 2 2 2 2 2 2 2
180 TUCKER 4 4 4 4 4 4 4 4 4 4 4 4 4 4 4 4 4 4 4
181 BRANDON 8 8 8 8 8 8 8 8 8 8 8 8 8 8 8 8 8 8 8
182 KEVIN 1 1 1 1 1 1 1 1 1 1 1 1 1 1 1 1 1 1 1
183 JUDAH 8 8 8 8 8 8 8 8 8 8 8 8 8 8 8 8 8 8 8
184 FINN 1 1 1 1 1 1 1 1 1 1 1 1 1 1 1 1 1 1 1
185 KING 2 2 2 2 2 2 2 2 2 2 2 2 2 2 2 2 2 2 2
186 BRODY 7 7 7 7 7 7 7 7 7 7 7 7 7 7 7 7 7 7 7
187 XANDER 4 4 4 4 4 4 4 4 4 4 4 4 4 4 4 4 4 4 4
188 NICOLAS 5 5 5 5 5 5 5 5 5 5 5 5 5 5 5 5 5 5 5
189 CHARLIE 2 2 2 2 2 2 2 2 2 2 2 2 2 2 2 2 2 2 2
190 ARLO 4 4 4 4 4 4 4 4 4 4 4 4 4 4 4 4 4 4 4
191 EMMANUEL 6 6 6 6 6 6 6 6 6 6 6 6 6 6 6 6 6 6 6
192 BARRETT 2 2 2 2 2 2 2 2 2 2 2 2 2 2 2 2 2 2 2
193 FELIX 4 4 4 4 4 4 4 4 4 4 4 4 4 4 4 4 4 4 4
194 ALEX 5 5 5 5 5 5 5 5 5 5 5 5 5 5 5 5 5 5 5
195 MIGUEL 4 4 4 4 4 4 4 4 4 4 4 4 4 4 4 4 4 4 4
196 ABEL 2 2 2 2 2 2 2 2 2 2 2 2 2 2 2 2 2 2 2
197 ALAN 1 1 1 1 1 1 1 1 1 1 1 1 1 1 1 1 1 1 1
198 BECKETT 7 7 7 7 7 7 7 7 7 7 7 7 7 7 7 7 7 7 7
199 AMARI 9 9 9 9 9 9 9 9 9 9 9 9 9 9 9 9 9 9 9
200 KARTER 7 7 7 7 7 7 7 7 7 7 7 7 7 7 7 7 7 7 7
201 TIMOTHY 8 8 8 8 8 8 8 8 8 8 8 8 8 8 8 8 8 8 8
202 ABRAHAM 7 7 7 7 7 7 7 7 7 7 7 7 7 7 7 7 7 7 7
203 JESSE 8 8 8 8 8 8 8 8 8 8 8 8 8 8 8 8 8 8 8
204 ZAYDEN 5 5 5 5 5 5 5 5 5 5 5 5 5 5 5 5 5 5 5
205 BLAKE 4 4 4 4 4 4 4 4 4 4 4 4 4 4 4 4 4 4 4
206 ALEJANDRO 2 2 2 2 2 2 2 2 2 2 2 2 2 2 2 2 2 2 2
207 DAWSON 8 8 8 8 8 8 8 8 8 8 8 8 8 8 8 8 8 8 8
208 TRISTAN 2 2 2 2 2 2 2 2 2 2 2 2 2 2 2 2 2 2 2
209 VICTOR 5 5 5 5 5 5 5 5 5 5 5 5 5 5 5 5 5 5 5
210 AVERY 6 6 6 6 6 6 6 6 6 6 6 6 6 6 6 6 6 6 6
211 JOEL 7 7 7 7 7 7 7 7 7 7 7 7 7 7 7 7 7 7 7
212 GRANT 6 6 6 6 6 6 6 6 6 6 6 6 6 6 6 6 6 6 6
213 ERIC 2 2 2 2 2 2 2 2 2 2 2 2 2 2 2 2 2 2 2
214 PATRICK 3 3 3 3 3 3 3 3 3 3 3 3 3 3 3 3 3 3 3
215 PETER 6 6 6 6 6 6 6 6 6 6 6 6 6 6 6 6 6 6 6
216 RICHARD 9 9 9 9 9 9 9 9 9 9 9 9 9 9 9 9 9 9 9
217 EDWARD 4 4 4 4 4 4 4 4 4 4 4 4 4 4 4 4 4 4 4
218 ANDRES 2 2 2 2 2 2 2 2 2 2 2 2 2 2 2 2 2 2 2
219 EMILIO 3 3 3 3 3 3 3 3 3 3 3 3 3 3 3 3 3 3 3
220 COLT 8 8 8 8 8 8 8 8 8 8 8 8 8 8 8 8 8 8 8
221 KNOX 1 1 1 1 1 1 1 1 1 1 1 1 1 1 1 1 1 1 1
222 BECKHAM 4 4 4 4 4 4 4 4 4 4 4 4 4 4 4 4 4 4 4
223 ADONIS 3 3 3 3 3 3 3 3 3 3 3 3 3 3 3 3 3 3 3
224 KYRIE 2 2 2 2 2 2 2 2 2 2 2 2 2 2 2 2 2 2 2
225 MATIAS 5 5 5 5 5 5 5 5 5 5 5 5 5 5 5 5 5 5 5
226 OSCAR 7 7 7 7 7 7 7 7 7 7 7 7 7 7 7 7 7 7 7
227 LUKAS 6 6 6 6 6 6 6 6 6 6 6 6 6 6 6 6 6 6 6
228 MARCUS 1 1 1 1 1 1 1 1 1 1 1 1 1 1 1 1 1 1 1
229 HAYES 6 6 6 6 6 6 6 6 6 6 6 6 6 6 6 6 6 6 6
230 CADEN 9 9 9 9 9 9 9 9 9 9 9 9 9 9 9 9 9 9 9
231 REMINGTON 9 9 9 9 9 9 9 9 9 9 9 9 9 9 9 9 9 9 9
232 GRIFFIN 1 1 1 1 1 1 1 1 1 1 1 1 1 1 1 1 1 1 1
233 NASH 5 5 5 5 5 5 5 5 5 5 5 5 5 5 5 5 5 5 5
234 ISRAEL 6 6 6 6 6 6 6 6 6 6 6 6 6 6 6 6 6 6 6
235 STEVEN 1 1 1 1 1 1 1 1 1 1 1 1 1 1 1 1 1 1 1
236 HOLDEN 2 2 2 2 2 2 2 2 2 2 2 2 2 2 2 2 2 2 2
237 RAFAEL 2 2 2 2 2 2 2 2 2 2 2 2 2 2 2 2 2 2 2
238 ZANE 9 9 9 9 9 9 9 9 9 9 9 9 9 9 9 9 9 9 9
239 JEREMY 9 9 9 9 9 9 9 9 9 9 9 9 9 9 9 9 9 9 9
240 KASH 2 2 2 2 2 2 2 2 2 2 2 2 2 2 2 2 2 2 2
241 PRESTON 7 7 7 7 7 7 7 7 7 7 7 7 7 7 7 7 7 7 7
242 KYLER 4 4 4 4 4 4 4 4 4 4 4 4 4 4 4 4 4 4 4
243 JAX 7 7 7 7 7 7 7 7 7 7 7 7 7 7 7 7 7 7 7
244 JETT 5 5 5 5 5 5 5 5 5 5 5 5 5 5 5 5 5 5 5
245 KALEB 4 4 4 4 4 4 4 4 4 4 4 4 4 4 4 4 4 4 4
246 RILEY 3 3 3 3 3 3 3 3 3 3 3 3 3 3 3 3 3 3 3
247 SIMON 2 2 2 2 2 2 2 2 2 2 2 2 2 2 2 2 2 2 2
248 PHOENIX 9 9 9 9 9 9 9 9 9 9 9 9 9 9 9 9 9 9 9
249 JAVIER 7 7 7 7 7 7 7 7 7 7 7 7 7 7 7 7 7 7 7
250 BRYCE 4 4 4 4 4 4 4 4 4 4 4 4 4 4 4 4 4 4 4
251 LOUIS 2 2 2 2 2 2 2 2 2 2 2 2 2 2 2 2 2 2 2
252 MARK 9 9 9 9 9 9 9 9 9 9 9 9 9 9 9 9 9 9 9
253 CASH 3 3 3 3 3 3 3 3 3 3 3 3 3 3 3 3 3 3 3
254 LENNOX 3 3 3 3 3 3 3 3 3 3 3 3 3 3 3 3 3 3 3
255 PAXTON 3 3 3 3 3 3 3 3 3 3 3 3 3 3 3 3 3 3 3
256 MALAKAI 4 4 4 4 4 4 4 4 4 4 4 4 4 4 4 4 4 4 4
257 PAUL 9 9 9 9 9 9 9 9 9 9 9 9 9 9 9 9 9 9 9
258 KENNETH 4 4 4 4 4 4 4 4 4 4 4 4 4 4 4 4 4 4 4
259 NICO 7 7 7 7 7 7 7 7 7 7 7 7 7 7 7 7 7 7 7
260 KADEN 8 8 8 8 8 8 8 8 8 8 8 8 8 8 8 8 8 8 8
261 LANE 5 5 5 5 5 5 5 5 5 5 5 5 5 5 5 5 5 5 5
262 KAIRO 4 4 4 4 4 4 4 4 4 4 4 4 4 4 4 4 4 4 4
263 MAXIMUS 6 6 6 6 6 6 6 6 6 6 6 6 6 6 6 6 6 6 6
264 OMAR 5 5 5 5 5 5 5 5 5 5 5 5 5 5 5 5 5 5 5
265 FINLEY 5 5 5 5 5 5 5 5 5 5 5 5 5 5 5 5 5 5 5
266 ATTICUS 4 4 4 4 4 4 4 4 4 4 4 4 4 4 4 4 4 4 4
267 CREW 7 7 7 7 7 7 7 7 7 7 7 7 7 7 7 7 7 7 7
268 BRANTLEY 5 5 5 5 5 5 5 5 5 5 5 5 5 5 5 5 5 5 5
269 COLIN 1 1 1 1 1 1 1 1 1 1 1 1 1 1 1 1 1 1 1
270 DALLAS 6 6 6 6 6 6 6 6 6 6 6 6 6 6 6 6 6 6 6
271 WALTER 3 3 3 3 3 3 3 3 3 3 3 3 3 3 3 3 3 3 3
272 BRADY 1 1 1 1 1 1 1 1 1 1 1 1 1 1 1 1 1 1 1
273 CALLUM 2 2 2 2 2 2 2 2 2 2 2 2 2 2 2 2 2 2 2
274 RONAN 2 2 2 2 2 2 2 2 2 2 2 2 2 2 2 2 2 2 2
275 HENDRIX 9 9 9 9 9 9 9 9 9 9 9 9 9 9 9 9 9 9 9
276 JORGE 9 9 9 9 9 9 9 9 9 9 9 9 9 9 9 9 9 9 9
277 TOBIAS 9 9 9 9 9 9 9 9 9 9 9 9 9 9 9 9 9 9 9
278 CLAYTON 6 6 6 6 6 6 6 6 6 6 6 6 6 6 6 6 6 6 6
279 EMERSON 4 4 4 4 4 4 4 4 4 4 4 4 4 4 4 4 4 4 4
280 DAMIEN 2 2 2 2 2 2 2 2 2 2 2 2 2 2 2 2 2 2 2
281 ZAYN 5 5 5 5 5 5 5 5 5 5 5 5 5 5 5 5 5 5 5
282 MALCOLM 7 7 7 7 7 7 7 7 7 7 7 7 7 7 7 7 7 7 7
283 KAYSON 1 1 1 1 1 1 1 1 1 1 1 1 1 1 1 1 1 1 1
284 BODHI 1 1 1 1 1 1 1 1 1 1 1 1 1 1 1 1 1 1 1
285 BRYAN 2 2 2 2 2 2 2 2 2 2 2 2 2 2 2 2 2 2 2
286 AIDAN 3 3 3 3 3 3 3 3 3 3 3 3 3 3 3 3 3 3 3
287 COHEN 7 7 7 7 7 7 7 7 7 7 7 7 7 7 7 7 7 7 7
288 BRIAN 2 2 2 2 2 2 2 2 2 2 2 2 2 2 2 2 2 2 2
289 CAYDEN 1 1 1 1 1 1 1 1 1 1 1 1 1 1 1 1 1 1 1
290 ANDRE 8 8 8 8 8 8 8 8 8 8 8 8 8 8 8 8 8 8 8
291 NIKO 6 6 6 6 6 6 6 6 6 6 6 6 6 6 6 6 6 6 6
292 MAXIMILIANO 6 6 6 6 6 6 6 6 6 6 6 6 6 6 6 6 6 6 6
293 ZANDER 6 6 6 6 6 6 6 6 6 6 6 6 6 6 6 6 6 6 6
294 KHALIL 6 6 6 6 6 6 6 6 6 6 6 6 6 6 6 6 6 6 6
295 RORY 3 3 3 3 3 3 3 3 3 3 3 3 3 3 3 3 3 3 3
296 FRANCISCO 6 6 6 6 6 6 6 6 6 6 6 6 6 6 6 6 6 6 6
297 CRUZ 9 9 9 9 9 9 9 9 9 9 9 9 9 9 9 9 9 9 9
298 KOBE 7 7 7 7 7 7 7 7 7 7 7 7 7 7 7 7 7 7 7
299 REID 3 3 3 3 3 3 3 3 3 3 3 3 3 3 3 3 3 3 3
300 DAXTON 8 8 8 8 8 8 8 8 8 8 8 8 8 8 8 8 8 8 8
301 DEREK 9 9 9 9 9 9 9 9 9 9 9 9 9 9 9 9 9 9 9
302 MARTIN 8 8 8 8 8 8 8 8 8 8 8 8 8 8 8 8 8 8 8
303 JENSEN 6 6 6 6 6 6 6 6 6 6 6 6 6 6 6 6 6 6 6
304 KARSON 2 2 2 2 2 2 2 2 2 2 2 2 2 2 2 2 2 2 2
305 TATE 5 5 5 5 5 5 5 5 5 5 5 5 5 5 5 5 5 5 5
306 MUHAMMAD 2 2 2 2 2 2 2 2 2 2 2 2 2 2 2 2 2 2 2
307 JADEN 7 7 7 7 7 7 7 7 7 7 7 7 7 7 7 7 7 7 7
308 JOAQUIN 4 4 4 4 4 4 4 4 4 4 4 4 4 4 4 4 4 4 4
309 JOSUE 4 4 4 4 4 4 4 4 4 4 4 4 4 4 4 4 4 4 4
310 GIDEON 7 7 7 7 7 7 7 7 7 7 7 7 7 7 7 7 7 7 7
311 DANTE 1 1 1 1 1 1 1 1 1 1 1 1 1 1 1 1 1 1 1
312 CODY 6 6 6 6 6 6 6 6 6 6 6 6 6 6 6 6 6 6 6
313 BRADLEY 9 9 9 9 9 9 9 9 9 9 9 9 9 9 9 9 9 9 9
314 ORION 4 4 4 4 4 4 4 4 4 4 4 4 4 4 4 4 4 4 4
315 SPENCER 4 4 4 4 4 4 4 4 4 4 4 4 4 4 4 4 4 4 4
316 ANGELO 6 6 6 6 6 6 6 6 6 6 6 6 6 6 6 6 6 6 6
317 ERICK 4 4 4 4 4 4 4 4 4 4 4 4 4 4 4 4 4 4 4
318 JAYLEN 7 7 7 7 7 7 7 7 7 7 7 7 7 7 7 7 7 7 7
319 JULIUS 2 2 2 2 2 2 2 2 2 2 2 2 2 2 2 2 2 2 2
320 MANUEL 6 6 6 6 6 6 6 6 6 6 6 6 6 6 6 6 6 6 6
321 ELLIS 6 6 6 6 6 6 6 6 6 6 6 6 6 6 6 6 6 6 6
322 COLSON 1 1 1 1 1 1 1 1 1 1 1 1 1 1 1 1 1 1 1
323 CAIRO 5 5 5 5 5 5 5 5 5 5 5 5 5 5 5 5 5 5 5
324 GUNNER 8 8 8 8 8 8 8 8 8 8 8 8 8 8 8 8 8 8 8
325 WADE 7 7 7 7 7 7 7 7 7 7 7 7 7 7 7 7 7 7 7
326 CHANCE 4 4 4 4 4 4 4 4 4 4 4 4 4 4 4 4 4 4 4
327 ODIN 8 8 8 8 8 8 8 8 8 8 8 8 8 8 8 8 8 8 8
328 ANDERSON 5 5 5 5 5 5 5 5 5 5 5 5 5 5 5 5 5 5 5
329 KANE 4 4 4 4 4 4 4 4 4 4 4 4 4 4 4 4 4 4 4
330 RAYMOND 6 6 6 6 6 6 6 6 6 6 6 6 6 6 6 6 6 6 6
331 CRISTIAN 2 2 2 2 2 2 2 2 2 2 2 2 2 2 2 2 2 2 2
332 AZIEL 8 8 8 8 8 8 8 8 8 8 8 8 8 8 8 8 8 8 8
333 PRINCE 6 6 6 6 6 6 6 6 6 6 6 6 6 6 6 6 6 6 6
334 EZEQUIEL 6 6 6 6 6 6 6 6 6 6 6 6 6 6 6 6 6 6 6
335 JAKE 9 9 9 9 9 9 9 9 9 9 9 9 9 9 9 9 9 9 9
336 OTTO 4 4 4 4 4 4 4 4 4 4 4 4 4 4 4 4 4 4 4
337 EDUARDO 2 2 2 2 2 2 2 2 2 2 2 2 2 2 2 2 2 2 2
338 RYLAN 3 3 3 3 3 3 3 3 3 3 3 3 3 3 3 3 3 3 3
339 ALI 5 5 5 5 5 5 5 5 5 5 5 5 5 5 5 5 5 5 5
340 CADE 4 4 4 4 4 4 4 4 4 4 4 4 4 4 4 4 4 4 4
341 STEPHEN 8 8 8 8 8 8 8 8 8 8 8 8 8 8 8 8 8 8 8
342 ARI 4 4 4 4 4 4 4 4 4 4 4 4 4 4 4 4 4 4 4
343 KAMERON 8 8 8 8 8 8 8 8 8 8 8 8 8 8 8 8 8 8 8
344 DAKOTA 1 1 1 1 1 1 1 1 1 1 1 1 1 1 1 1 1 1 1
345 WARREN 3 3 3 3 3 3 3 3 3 3 3 3 3 3 3 3 3 3 3
346 RICARDO 2 2 2 2 2 2 2 2 2 2 2 2 2 2 2 2 2 2 2
347 KILLIAN 7 7 7 7 7 7 7 7 7 7 7 7 7 7 7 7 7 7 7
348 MARIO 6 6 6 6 6 6 6 6 6 6 6 6 6 6 6 6 6 6 6
349 ROMEO 7 7 7 7 7 7 7 7 7 7 7 7 7 7 7 7 7 7 7
350 CYRUS 6 6 6 6 6 6 6 6 6 6 6 6 6 6 6 6 6 6 6
351 ISMAEL 8 8 8 8 8 8 8 8 8 8 8 8 8 8 8 8 8 8 8
352 RUSSELL 7 7 7 7 7 7 7 7 7 7 7 7 7 7 7 7 7 7 7
353 TYSON 2 2 2 2 2 2 2 2 2 2 2 2 2 2 2 2 2 2 2
354 EDWIN 3 3 3 3 3 3 3 3 3 3 3 3 3 3 3 3 3 3 3
355 DESMOND 5 5 5 5 5 5 5 5 5 5 5 5 5 5 5 5 5 5 5
356 NASIR 3 3 3 3 3 3 3 3 3 3 3 3 3 3 3 3 3 3 3
357 REMY 3 3 3 3 3 3 3 3 3 3 3 3 3 3 3 3 3 3 3
358 TANNER 4 4 4 4 4 4 4 4 4 4 4 4 4 4 4 4 4 4 4
359 FERNANDO 1 1 1 1 1 1 1 1 1 1 1 1 1 1 1 1 1 1 1
360 HECTOR 8 8 8 8 8 8 8 8 8 8 8 8 8 8 8 8 8 8 8
361 TITUS 9 9 9 9 9 9 9 9 9 9 9 9 9 9 9 9 9 9 9
362 LAWSON 7 7 7 7 7 7 7 7 7 7 7 7 7 7 7 7 7 7 7
363 SEAN 5 5 5 5 5 5 5 5 5 5 5 5 5 5 5 5 5 5 5
364 KYLE 2 2 2 2 2 2 2 2 2 2 2 2 2 2 2 2 2 2 2
365 ELIAN 6 6 6 6 6 6 6 6 6 6 6 6 6 6 6 6 6 6 6
366 CORBIN 2 2 2 2 2 2 2 2 2 2 2 2 2 2 2 2 2 2 2
367 BOWEN 7 7 7 7 7 7 7 7 7 7 7 7 7 7 7 7 7 7 7
368 WILDER 3 3 3 3 3 3 3 3 3 3 3 3 3 3 3 3 3 3 3
369 ARMANI 5 5 5 5 5 5 5 5 5 5 5 5 5 5 5 5 5 5 5
370 ROYAL 5 5 5 5 5 5 5 5 5 5 5 5 5 5 5 5 5 5 5
371 STETSON 4 4 4 4 4 4 4 4 4 4 4 4 4 4 4 4 4 4 4
372 BRIGGS 5 5 5 5 5 5 5 5 5 5 5 5 5 5 5 5 5 5 5
373 SULLIVAN 1 1 1 1 1 1 1 1 1 1 1 1 1 1 1 1 1 1 1
374 LEONEL 1 1 1 1 1 1 1 1 1 1 1 1 1 1 1 1 1 1 1
375 CALLAN 7 7 7 7 7 7 7 7 7 7 7 7 7 7 7 7 7 7 7
376 FINNEGAN 6 6 6 6 6 6 6 6 6 6 6 6 6 6 6 6 6 6 6
377 JAY 3 3 3 3 3 3 3 3 3 3 3 3 3 3 3 3 3 3 3
378 ZAYNE 1 1 1 1 1 1 1 1 1 1 1 1 1 1 1 1 1 1 1
379 MARSHALL 4 4 4 4 4 4 4 4 4 4 4 4 4 4 4 4 4 4 4
380 KADE 3 3 3 3 3 3 3 3 3 3 3 3 3 3 3 3 3 3 3
381 TRAVIS 8 8 8 8 8 8 8 8 8 8 8 8 8 8 8 8 8 8 8
382 STERLING 8 8 8 8 8 8 8 8 8 8 8 8 8 8 8 8 8 8 8
383 RAIDEN 9 9 9 9 9 9 9 9 9 9 9 9 9 9 9 9 9 9 9
384 SERGIO 3 3 3 3 3 3 3 3 3 3 3 3 3 3 3 3 3 3 3
385 TATUM 1 1 1 1 1 1 1 1 1 1 1 1 1 1 1 1 1 1 1
386 CESAR 5 5 5 5 5 5 5 5 5 5 5 5 5 5 5 5 5 5 5
387 ZYAIRE 8 8 8 8 8 8 8 8 8 8 8 8 8 8 8 8 8 8 8
388 MILAN 5 5 5 5 5 5 5 5 5 5 5 5 5 5 5 5 5 5 5
389 DEVIN 3 3 3 3 3 3 3 3 3 3 3 3 3 3 3 3 3 3 3
390 GIANNI 7 7 7 7 7 7 7 7 7 7 7 7 7 7 7 7 7 7 7
391 KAMARI 2 2 2 2 2 2 2 2 2 2 2 2 2 2 2 2 2 2 2
392 ROYCE 9 9 9 9 9 9 9 9 9 9 9 9 9 9 9 9 9 9 9
393 MALIK 2 2 2 2 2 2 2 2 2 2 2 2 2 2 2 2 2 2 2
394 JARED 4 4 4 4 4 4 4 4 4 4 4 4 4 4 4 4 4 4 4
395 FRANKLIN 9 9 9 9 9 9 9 9 9 9 9 9 9 9 9 9 9 9 9
396 CLARK 2 2 2 2 2 2 2 2 2 2 2 2 2 2 2 2 2 2 2
397 NOEL 2 2 2 2 2 2 2 2 2 2 2 2 2 2 2 2 2 2 2
398 MARCO 8 8 8 8 8 8 8 8 8 8 8 8 8 8 8 8 8 8 8
399 ARCHIE 8 8 8 8 8 8 8 8 8 8 8 8 8 8 8 8 8 8 8
400 APOLLO 2 2 2 2 2 2 2 2 2 2 2 2 2 2 2 2 2 2 2
401 PABLO 3 3 3 3 3 3 3 3 3 3 3 3 3 3 3 3 3 3 3
402 GARRETT 3 3 3 3 3 3 3 3 3 3 3 3 3 3 3 3 3 3 3
403 OAKLEY 1 1 1 1 1 1 1 1 1 1 1 1 1 1 1 1 1 1 1
404 MEMPHIS 3 3 3 3 3 3 3 3 3 3 3 3 3 3 3 3 3 3 3
405 QUINN 9 9 9 9 9 9 9 9 9 9 9 9 9 9 9 9 9 9 9
406 ONYX 9 9 9 9 9 9 9 9 9 9 9 9 9 9 9 9 9 9 9
407 ALIJAH 3 3 3 3 3 3 3 3 3 3 3 3 3 3 3 3 3 3 3
408 BAYLOR 7 7 7 7 7 7 7 7 7 7 7 7 7 7 7 7 7 7 7
409 EDGAR 6 6 6 6 6 6 6 6 6 6 6 6 6 6 6 6 6 6 6
410 NEHEMIAH 4 4 4 4 4 4 4 4 4 4 4 4 4 4 4 4 4 4 4
411 WINSTON 4 4 4 4 4 4 4 4 4 4 4 4 4 4 4 4 4 4 4
412 MAJOR 6 6 6 6 6 6 6 6 6 6 6 6 6 6 6 6 6 6 6
413 RHYS 2 2 2 2 2 2 2 2 2 2 2 2 2 2 2 2 2 2 2
414 FORREST 4 4 4 4 4 4 4 4 4 4 4 4 4 4 4 4 4 4 4
415 JAIDEN 8 8 8 8 8 8 8 8 8 8 8 8 8 8 8 8 8 8 8
416 REED 7 7 7 7 7 7 7 7 7 7 7 7 7 7 7 7 7 7 7
417 SANTINO 8 8 8 8 8 8 8 8 8 8 8 8 8 8 8 8 8 8 8
418 TROY 5 5 5 5 5 5 5 5 5 5 5 5 5 5 5 5 5 5 5
419 CAIDEN 1 1 1 1 1 1 1 1 1 1 1 1 1 1 1 1 1 1 1
420 HARVEY 2 2 2 2 2 2 2 2 2 2 2 2 2 2 2 2 2 2 2
421 COLLIN 4 4 4 4 4 4 4 4 4 4 4 4 4 4 4 4 4 4 4
422 SOLOMON 9 9 9 9 9 9 9 9 9 9 9 9 9 9 9 9 9 9 9
423 DONOVAN 8 8 8 8 8 8 8 8 8 8 8 8 8 8 8 8 8 8 8
424 DAMON 3 3 3 3 3 3 3 3 3 3 3 3 3 3 3 3 3 3 3
425 JEFFREY 3 3 3 3 3 3 3 3 3 3 3 3 3 3 3 3 3 3 3
426 KASON 9 9 9 9 9 9 9 9 9 9 9 9 9 9 9 9 9 9 9
427 SAGE 3 3 3 3 3 3 3 3 3 3 3 3 3 3 3 3 3 3 3
428 GRADY 2 2 2 2 2 2 2 2 2 2 2 2 2 2 2 2 2 2 2
429 KENDRICK 6 6 6 6 6 6 6 6 6 6 6 6 6 6 6 6 6 6 6
430 LELAND 3 3 3 3 3 3 3 3 3 3 3 3 3 3 3 3 3 3 3
431 LUCIANO 8 8 8 8 8 8 8 8 8 8 8 8 8 8 8 8 8 8 8
432 PEDRO 8 8 8 8 8 8 8 8 8 8 8 8 8 8 8 8 8 8 8
433 HANK 4 4 4 4 4 4 4 4 4 4 4 4 4 4 4 4 4 4 4
434 HUGO 3 3 3 3 3 3 3 3 3 3 3 3 3 3 3 3 3 3 3
435 ESTEBAN 7 7 7 7 7 7 7 7 7 7 7 7 7 7 7 7 7 7 7
436 JOHNNY 6 6 6 6 6 6 6 6 6 6 6 6 6 6 6 6 6 6 6
437 KASHTON 9 9 9 9 9 9 9 9 9 9 9 9 9 9 9 9 9 9 9
438 RONIN 2 2 2 2 2 2 2 2 2 2 2 2 2 2 2 2 2 2 2
439 FORD 3 3 3 3 3 3 3 3 3 3 3 3 3 3 3 3 3 3 3
440 MATHIAS 1 1 1 1 1 1 1 1 1 1 1 1 1 1 1 1 1 1 1
441 PORTER 1 1 1 1 1 1 1 1 1 1 1 1 1 1 1 1 1 1 1
442 ERIK 1 1 1 1 1 1 1 1 1 1 1 1 1 1 1 1 1 1 1
443 JOHNATHAN 7 7 7 7 7 7 7 7 7 7 7 7 7 7 7 7 7 7 7
444 FRANK 9 9 9 9 9 9 9 9 9 9 9 9 9 9 9 9 9 9 9
445 TRIPP 5 5 5 5 5 5 5 5 5 5 5 5 5 5 5 5 5 5 5
446 CASEY 4 4 4 4 4 4 4 4 4 4 4 4 4 4 4 4 4 4 4
447 FABIAN 9 9 9 9 9 9 9 9 9 9 9 9 9 9 9 9 9 9 9
448 LEONIDAS 2 2 2 2 2 2 2 2 2 2 2 2 2 2 2 2 2 2 2
449 BAKER 3 3 3 3 3 3 3 3 3 3 3 3 3 3 3 3 3 3 3
450 MATTHIAS 5 5 5 5 5 5 5 5 5 5 5 5 5 5 5 5 5 5 5
451 PHILIP 8 8 8 8 8 8 8 8 8 8 8 8 8 8 8 8 8 8 8
452 JAYCEON 5 5 5 5 5 5 5 5 5 5 5 5 5 5 5 5 5 5 5
453 KIAN 9 9 9 9 9 9 9 9 9 9 9 9 9 9 9 9 9 9 9
454 SAINT 5 5 5 5 5 5 5 5 5 5 5 5 5 5 5 5 5 5 5
455 IBRAHIM 7 7 7 7 7 7 7 7 7 7 7 7 7 7 7 7 7 7 7
456 JAXTON 5 5 5 5 5 5 5 5 5 5 5 5 5 5 5 5 5 5 5
457 AUGUSTUS 5 5 5 5 5 5 5 5 5 5 5 5 5 5 5 5 5 5 5
458 CALLEN 2 2 2 2 2 2 2 2 2 2 2 2 2 2 2 2 2 2 2
459 TREVOR 8 8 8 8 8 8 8 8 8 8 8 8 8 8 8 8 8 8 8
460 RUBEN 2 2 2 2 2 2 2 2 2 2 2 2 2 2 2 2 2 2 2
461 ADAN 2 2 2 2 2 2 2 2 2 2 2 2 2 2 2 2 2 2 2
462 CONOR 6 6 6 6 6 6 6 6 6 6 6 6 6 6 6 6 6 6 6
463 DAX 1 1 1 1 1 1 1 1 1 1 1 1 1 1 1 1 1 1 1
464 BRAYLEN 1 1 1 1 1 1 1 1 1 1 1 1 1 1 1 1 1 1 1
465 KAISON 1 1 1 1 1 1 1 1 1 1 1 1 1 1 1 1 1 1 1
466 FRANCIS 5 5 5 5 5 5 5 5 5 5 5 5 5 5 5 5 5 5 5
467 KYSON 9 9 9 9 9 9 9 9 9 9 9 9 9 9 9 9 9 9 9
468 ANDY 2 2 2 2 2 2 2 2 2 2 2 2 2 2 2 2 2 2 2
469 LUCCA 7 7 7 7 7 7 7 7 7 7 7 7 7 7 7 7 7 7 7
470 MACK 1 1 1 1 1 1 1 1 1 1 1 1 1 1 1 1 1 1 1
471 PEYTON 3 3 3 3 3 3 3 3 3 3 3 3 3 3 3 3 3 3 3
472 ALEXIS 9 9 9 9 9 9 9 9 9 9 9 9 9 9 9 9 9 9 9
473 DEACON 7 7 7 7 7 7 7 7 7 7 7 7 7 7 7 7 7 7 7
474 KASEN 7 7 7 7 7 7 7 7 7 7 7 7 7 7 7 7 7 7 7
475 KAMDEN 3 3 3 3 3 3 3 3 3 3 3 3 3 3 3 3 3 3 3
476 FREDERICK 5 5 5 5 5 5 5 5 5 5 5 5 5 5 5 5 5 5 5
477 PRINCETON 4 4 4 4 4 4 4 4 4 4 4 4 4 4 4 4 4 4 4
478 BRAYLON 3 3 3 3 3 3 3 3 3 3 3 3 3 3 3 3 3 3 3
479 WELLS 2 2 2 2 2 2 2 2 2 2 2 2 2 2 2 2 2 2 2
480 NIKOLAI 2 2 2 2 2 2 2 2 2 2 2 2 2 2 2 2 2 2 2
481 IKER 1 1 1 1 1 1 1 1 1 1 1 1 1 1 1 1 1 1 1
482 BO 9 9 9 9 9 9 9 9 9 9 9 9 9 9 9 9 9 9 9
483 DOMINICK 9 9 9 9 9 9 9 9 9 9 9 9 9 9 9 9 9 9 9
484 MOSHE 6 6 6 6 6 6 6 6 6 6 6 6 6 6 6 6 6 6 6
485 CASSIUS 2 2 2 2 2 2 2 2 2 2 2 2 2 2 2 2 2 2 2
486 GREGORY 5 5 5 5 5 5 5 5 5 5 5 5 5 5 5 5 5 5 5
487 LEWIS 9 9 9 9 9 9 9 9 9 9 9 9 9 9 9 9 9 9 9
488 KIERAN 7 7 7 7 7 7 7 7 7 7 7 7 7 7 7 7 7 7 7
489 ISAIAS 1 1 1 1 1 1 1 1 1 1 1 1 1 1 1 1 1 1 1
490 SETH 8 8 8 8 8 8 8 8 8 8 8 8 8 8 8 8 8 8 8
491 MARCOS 2 2 2 2 2 2 2 2 2 2 2 2 2 2 2 2 2 2 2
492 OMARI 6 6 6 6 6 6 6 6 6 6 6 6 6 6 6 6 6 6 6
493 SHANE 1 1 1 1 1 1 1 1 1 1 1 1 1 1 1 1 1 1 1
494 KEEGAN 3 3 3 3 3 3 3 3 3 3 3 3 3 3 3 3 3 3 3
495 JASE 1 1 1 1 1 1 1 1 1 1 1 1 1 1 1 1 1 1 1
496 ASA 5 5 5 5 5 5 5 5 5 5 5 5 5 5 5 5 5 5 5
497 SONNY 3 3 3 3 3 3 3 3 3 3 3 3 3 3 3 3 3 3 3
498 URIEL 8 8 8 8 8 8 8 8 8 8 8 8 8 8 8 8 8 8 8
499 PIERCE 6 6 6 6 6 6 6 6 6 6 6 6 6 6 6 6 6 6 6
500 JASIAH 3 3 3 3 3 3 3 3 3 3 3 3 3 3 3 3 3 3 3
501 EDEN 1 1 1 1 1 1 1 1 1 1 1 1 1 1 1 1 1 1 1
502 ROCCO 4 4 4 4 4 4 4 4 4 4 4 4 4 4 4 4 4 4 4
503 BANKS 4 4 4 4 4 4 4 4 4 4 4 4 4 4 4 4 4 4 4
504 CANNON 8 8 8 8 8 8 8 8 8 8 8 8 8 8 8 8 8 8 8
505 DENVER 9 9 9 9 9 9 9 9 9 9 9 9 9 9 9 9 9 9 9
506 ZAIDEN 5 5 5 5 5 5 5 5 5 5 5 5 5 5 5 5 5 5 5
507 ROBERTO 2 2 2 2 2 2 2 2 2 2 2 2 2 2 2 2 2 2 2
508 SHAWN 2 2 2 2 2 2 2 2 2 2 2 2 2 2 2 2 2 2 2
509 DREW 8 8 8 8 8 8 8 8 8 8 8 8 8 8 8 8 8 8 8
510 EMANUEL 2 2 2 2 2 2 2 2 2 2 2 2 2 2 2 2 2 2 2
511 KOLTON 1 1 1 1 1 1 1 1 1 1 1 1 1 1 1 1 1 1 1
512 AYAAN 9 9 9 9 9 9 9 9 9 9 9 9 9 9 9 9 9 9 9
513 ARES 2 2 2 2 2 2 2 2 2 2 2 2 2 2 2 2 2 2 2
514 CONNER 9 9 9 9 9 9 9 9 9 9 9 9 9 9 9 9 9 9 9
515 JALEN 6 6 6 6 6 6 6 6 6 6 6 6 6 6 6 6 6 6 6
516 ALONZO 3 3 3 3 3 3 3 3 3 3 3 3 3 3 3 3 3 3 3
517 ENRIQUE 7 7 7 7 7 7 7 7 7 7 7 7 7 7 7 7 7 7 7
518 DALTON 6 6 6 6 6 6 6 6 6 6 6 6 6 6 6 6 6 6 6
519 MOSES 4 4 4 4 4 4 4 4 4 4 4 4 4 4 4 4 4 4 4
520 KODA 5 5 5 5 5 5 5 5 5 5 5 5 5 5 5 5 5 5 5
521 BODIE 1 1 1 1 1 1 1 1 1 1 1 1 1 1 1 1 1 1 1
522 JAMISON 4 4 4 4 4 4 4 4 4 4 4 4 4 4 4 4 4 4 4
523 PHILLIP 2 2 2 2 2 2 2 2 2 2 2 2 2 2 2 2 2 2 2
524 ZAIRE 7 7 7 7 7 7 7 7 7 7 7 7 7 7 7 7 7 7 7
525 JONAS 8 8 8 8 8 8 8 8 8 8 8 8 8 8 8 8 8 8 8
526 KYLO 4 4 4 4 4 4 4 4 4 4 4 4 4 4 4 4 4 4 4
527 MOISES 5 5 5 5 5 5 5 5 5 5 5 5 5 5 5 5 5 5 5
528 SHEPHERD 1 1 1 1 1 1 1 1 1 1 1 1 1 1 1 1 1 1 1
529 ALLEN 8 8 8 8 8 8 8 8 8 8 8 8 8 8 8 8 8 8 8
530 KENZO 8 8 8 8 8 8 8 8 8 8 8 8 8 8 8 8 8 8 8
531 MOHAMED 3 3 3 3 3 3 3 3 3 3 3 3 3 3 3 3 3 3 3
532 KEANU 1 1 1 1 1 1 1 1 1 1 1 1 1 1 1 1 1 1 1
533 DEXTER 7 7 7 7 7 7 7 7 7 7 7 7 7 7 7 7 7 7 7
534 CONRAD 4 4 4 4 4 4 4 4 4 4 4 4 4 4 4 4 4 4 4
535 BRUCE 9 9 9 9 9 9 9 9 9 9 9 9 9 9 9 9 9 9 9
536 SYLAS 2 2 2 2 2 2 2 2 2 2 2 2 2 2 2 2 2 2 2
537 SOREN 4 4 4 4 4 4 4 4 4 4 4 4 4 4 4 4 4 4 4
538 RAPHAEL 7 7 7 7 7 7 7 7 7 7 7 7 7 7 7 7 7 7 7
539 ROWEN 7 7 7 7 7 7 7 7 7 7 7 7 7 7 7 7 7 7 7
540 GUNNAR 4 4 4 4 4 4 4 4 4 4 4 4 4 4 4 4 4 4 4
541 SUTTON 2 2 2 2 2 2 2 2 2 2 2 2 2 2 2 2 2 2 2
542 QUENTIN 9 9 9 9 9 9 9 9 9 9 9 9 9 9 9 9 9 9 9
543 JAZIEL 9 9 9 9 9 9 9 9 9 9 9 9 9 9 9 9 9 9 9
544 EMMITT 4 4 4 4 4 4 4 4 4 4 4 4 4 4 4 4 4 4 4
545 MAKAI 9 9 9 9 9 9 9 9 9 9 9 9 9 9 9 9 9 9 9
546 KOA 1 1 1 1 1 1 1 1 1 1 1 1 1 1 1 1 1 1 1
547 MAXIMILIAN 8 8 8 8 8 8 8 8 8 8 8 8 8 8 8 8 8 8 8
548 BRIXTON 8 8 8 8 8 8 8 8 8 8 8 8 8 8 8 8 8 8 8
549 DARIEL 7 7 7 7 7 7 7 7 7 7 7 7 7 7 7 7 7 7 7
550 ZACHARIAH 8 8 8 8 8 8 8 8 8 8 8 8 8 8 8 8 8 8 8
551 ROY 1 1 1 1 1 1 1 1 1 1 1 1 1 1 1 1 1 1 1
552 ARMANDO 6 6 6 6 6 6 6 6 6 6 6 6 6 6 6 6 6 6 6
553 COREY 9 9 9 9 9 9 9 9 9 9 9 9 9 9 9 9 9 9 9
554 SAUL 4 4 4 4 4 4 4 4 4 4 4 4 4 4 4 4 4 4 4
555 IZAIAH 7 7 7 7 7 7 7 7 7 7 7 7 7 7 7 7 7 7 7
556 DANNY 7 7 7 7 7 7 7 7 7 7 7 7 7 7 7 7 7 7 7
557 DAVIS 6 6 6 6 6 6 6 6 6 6 6 6 6 6 6 6 6 6 6
558 RIDGE 6 6 6 6 6 6 6 6 6 6 6 6 6 6 6 6 6 6 6
559 YUSUF 6 6 6 6 6 6 6 6 6 6 6 6 6 6 6 6 6 6 6
560 ARIEL 3 3 3 3 3 3 3 3 3 3 3 3 3 3 3 3 3 3 3
561 VALENTINO 1 1 1 1 1 1 1 1 1 1 1 1 1 1 1 1 1 1 1
562 JAYSON 9 9 9 9 9 9 9 9 9 9 9 9 9 9 9 9 9 9 9
563 RONALD 4 4 4 4 4 4 4 4 4 4 4 4 4 4 4 4 4 4 4
564 ALBERT 8 8 8 8 8 8 8 8 8 8 8 8 8 8 8 8 8 8 8
565 GERARDO 6 6 6 6 6 6 6 6 6 6 6 6 6 6 6 6 6 6 6
566 RYLAND 7 7 7 7 7 7 7 7 7 7 7 7 7 7 7 7 7 7 7
567 DORIAN 2 2 2 2 2 2 2 2 2 2 2 2 2 2 2 2 2 2 2
568 DRAKE 5 5 5 5 5 5 5 5 5 5 5 5 5 5 5 5 5 5 5
569 GAGE 3 3 3 3 3 3 3 3 3 3 3 3 3 3 3 3 3 3 3
570 RODRIGO 8 8 8 8 8 8 8 8 8 8 8 8 8 8 8 8 8 8 8
571 HEZEKIAH 4 4 4 4 4 4 4 4 4 4 4 4 4 4 4 4 4 4 4
572 KYLAN 3 3 3 3 3 3 3 3 3 3 3 3 3 3 3 3 3 3 3
573 BOONE 8 8 8 8 8 8 8 8 8 8 8 8 8 8 8 8 8 8 8
574 LEDGER 4 4 4 4 4 4 4 4 4 4 4 4 4 4 4 4 4 4 4
575 SANTANA 2 2 2 2 2 2 2 2 2 2 2 2 2 2 2 2 2 2 2
576 JAMARI 1 1 1 1 1 1 1 1 1 1 1 1 1 1 1 1 1 1 1
577 JAMIR 9 9 9 9 9 9 9 9 9 9 9 9 9 9 9 9 9 9 9
578 LAWRENCE 3 3 3 3 3 3 3 3 3 3 3 3 3 3 3 3 3 3 3
579 REECE 2 2 2 2 2 2 2 2 2 2 2 2 2 2 2 2 2 2 2
580 KAYSEN 8 8 8 8 8 8 8 8 8 8 8 8 8 8 8 8 8 8 8
581 SHILOH 6 6 6 6 6 6 6 6 6 6 6 6 6 6 6 6 6 6 6
582 ARJUN 6 6 6 6 6 6 6 6 6 6 6 6 6 6 6 6 6 6 6
583 MARCELO 7 7 7 7 7 7 7 7 7 7 7 7 7 7 7 7 7 7 7
584 ABRAM 1 1 1 1 1 1 1 1 1 1 1 1 1 1 1 1 1 1 1
585 BENSON 9 9 9 9 9 9 9 9 9 9 9 9 9 9 9 9 9 9 9
586 HUXLEY 7 7 7 7 7 7 7 7 7 7 7 7 7 7 7 7 7 7 7
587 NIKOLAS 4 4 4 4 4 4 4 4 4 4 4 4 4 4 4 4 4 4 4
588 ZAIN 5 5 5 5 5 5 5 5 5 5 5 5 5 5 5 5 5 5 5
589 KOHEN 6 6 6 6 6 6 6 6 6 6 6 6 6 6 6 6 6 6 6
590 SAMSON 5 5 5 5 5 5 5 5 5 5 5 5 5 5 5 5 5 5 5
591 MILLER 9 9 9 9 9 9 9 9 9 9 9 9 9 9 9 9 9 9 9
592 DONALD 6 6 6 6 6 6 6 6 6 6 6 6 6 6 6 6 6 6 6
593 FINNLEY 1 1 1 1 1 1 1 1 1 1 1 1 1 1 1 1 1 1 1
594 KANNON 7 7 7 7 7 7 7 7 7 7 7 7 7 7 7 7 7 7 7
595 LUCIAN 1 1 1 1 1 1 1 1 1 1 1 1 1 1 1 1 1 1 1
596 WATSON 8 8 8 8 8 8 8 8 8 8 8 8 8 8 8 8 8 8 8
597 KEITH 8 8 8 8 8 8 8 8 8 8 8 8 8 8 8 8 8 8 8
598 WESTIN 6 6 6 6 6 6 6 6 6 6 6 6 6 6 6 6 6 6 6
599 TADEO 3 3 3 3 3 3 3 3 3 3 3 3 3 3 3 3 3 3 3
600 SINCERE 6 6 6 6 6 6 6 6 6 6 6 6 6 6 6 6 6 6 6
601 BOSTON 1 1 1 1 1 1 1 1 1 1 1 1 1 1 1 1 1 1 1
602 AXTON 4 4 4 4 4 4 4 4 4 4 4 4 4 4 4 4 4 4 4
603 AMOS 6 6 6 6 6 6 6 6 6 6 6 6 6 6 6 6 6 6 6
604 CHANDLER 1 1 1 1 1 1 1 1 1 1 1 1 1 1 1 1 1 1 1
605 LEANDRO 9 9 9 9 9 9 9 9 9 9 9 9 9 9 9 9 9 9 9
606 RAUL 3 3 3 3 3 3 3 3 3 3 3 3 3 3 3 3 3 3 3
607 SCOTT 3 3 3 3 3 3 3 3 3 3 3 3 3 3 3 3 3 3 3
608 REIGN 7 7 7 7 7 7 7 7 7 7 7 7 7 7 7 7 7 7 7
609 ALESSANDRO 7 7 7 7 7 7 7 7 7 7 7 7 7 7 7 7 7 7 7
610 CAMILO 1 1 1 1 1 1 1 1 1 1 1 1 1 1 1 1 1 1 1
611 DERRICK 1 1 1 1 1 1 1 1 1 1 1 1 1 1 1 1 1 1 1
612 MORGAN 4 4 4 4 4 4 4 4 4 4 4 4 4 4 4 4 4 4 4
613 JULIO 9 9 9 9 9 9 9 9 9 9 9 9 9 9 9 9 9 9 9
614 CLAY 8 8 8 8 8 8 8 8 8 8 8 8 8 8 8 8 8 8 8
615 EDISON 7 7 7 7 7 7 7 7 7 7 7 7 7 7 7 7 7 7 7
616 JAIME 3 3 3 3 3 3 3 3 3 3 3 3 3 3 3 3 3 3 3
617 AUGUSTINE 7 7 7 7 7 7 7 7 7 7 7 7 7 7 7 7 7 7 7
618 JULIEN 3 3 3 3 3 3 3 3 3 3 3 3 3 3 3 3 3 3 3
619 ZEKE 1 1 1 1 1 1 1 1 1 1 1 1 1 1 1 1 1 1 1
620 MARVIN 1 1 1 1 1 1 1 1 1 1 1 1 1 1 1 1 1 1 1
621 BELLAMY 1 1 1 1 1 1 1 1 1 1 1 1 1 1 1 1 1 1 1
622 LANDEN 5 5 5 5 5 5 5 5 5 5 5 5 5 5 5 5 5 5 5
623 DUSTIN 5 5 5 5 5 5 5 5 5 5 5 5 5 5 5 5 5 5 5
624 JAMIE 3 3 3 3 3 3 3 3 3 3 3 3 3 3 3 3 3 3 3
625 KREW 6 6 6 6 6 6 6 6 6 6 6 6 6 6 6 6 6 6 6
626 KYREE 6 6 6 6 6 6 6 6 6 6 6 6 6 6 6 6 6 6 6
627 COLTER 6 6 6 6 6 6 6 6 6 6 6 6 6 6 6 6 6 6 6
628 JOHAN 1 1 1 1 1 1 1 1 1 1 1 1 1 1 1 1 1 1 1
629 HOUSTON 1 1 1 1 1 1 1 1 1 1 1 1 1 1 1 1 1 1 1
630 LAYTON 3 3 3 3 3 3 3 3 3 3 3 3 3 3 3 3 3 3 3
631 QUINCY 8 8 8 8 8 8 8 8 8 8 8 8 8 8 8 8 8 8 8
632 CASE 3 3 3 3 3 3 3 3 3 3 3 3 3 3 3 3 3 3 3
633 ATREUS 3 3 3 3 3 3 3 3 3 3 3 3 3 3 3 3 3 3 3
634 CAYSON 2 2 2 2 2 2 2 2 2 2 2 2 2 2 2 2 2 2 2
635 AARAV 2 2 2 2 2 2 2 2 2 2 2 2 2 2 2 2 2 2 2
636 DARIUS 8 8 8 8 8 8 8 8 8 8 8 8 8 8 8 8 8 8 8
637 HARLAN 8 8 8 8 8 8 8 8 8 8 8 8 8 8 8 8 8 8 8
638 JUSTICE 5 5 5 5 5 5 5 5 5 5 5 5 5 5 5 5 5 5 5
639 ABDIEL 7 7 7 7 7 7 7 7 7 7 7 7 7 7 7 7 7 7 7
640 LAYNE 6 6 6 6 6 6 6 6 6 6 6 6 6 6 6 6 6 6 6
641 RAYLAN 4 4 4 4 4 4 4 4 4 4 4 4 4 4 4 4 4 4 4
642 ARTURO 4 4 4 4 4 4 4 4 4 4 4 4 4 4 4 4 4 4 4
643 TAYLOR 9 9 9 9 9 9 9 9 9 9 9 9 9 9 9 9 9 9 9
644 ANAKIN 6 6 6 6 6 6 6 6 6 6 6 6 6 6 6 6 6 6 6
645 ANDER 8 8 8 8 8 8 8 8 8 8 8 8 8 8 8 8 8 8 8
646 HAMZA 9 9 9 9 9 9 9 9 9 9 9 9 9 9 9 9 9 9 9
647 OTIS 6 6 6 6 6 6 6 6 6 6 6 6 6 6 6 6 6 6 6
648 AZARIAH 9 9 9 9 9 9 9 9 9 9 9 9 9 9 9 9 9 9 9
649 LEONARD 9 9 9 9 9 9 9 9 9 9 9 9 9 9 9 9 9 9 9
650 COLBY 7 7 7 7 7 7 7 7 7 7 7 7 7 7 7 7 7 7 7
651 DUKE 8 8 8 8 8 8 8 8 8 8 8 8 8 8 8 8 8 8 8
652 FLYNN 4 4 4 4 4 4 4 4 4 4 4 4 4 4 4 4 4 4 4
653 TREY 3 3 3 3 3 3 3 3 3 3 3 3 3 3 3 3 3 3 3
654 GUSTAVO 3 3 3 3 3 3 3 3 3 3 3 3 3 3 3 3 3 3 3
655 FLETCHER 8 8 8 8 8 8 8 8 8 8 8 8 8 8 8 8 8 8 8
656 ISSAC 2 2 2 2 2 2 2 2 2 2 2 2 2 2 2 2 2 2 2
657 SAM 8 8 8 8 8 8 8 8 8 8 8 8 8 8 8 8 8 8 8
658 TRENTON 5 5 5 5 5 5 5 5 5 5 5 5 5 5 5 5 5 5 5
659 CALLAHAN 4 4 4 4 4 4 4 4 4 4 4 4 4 4 4 4 4 4 4
660 CHRIS 5 5 5 5 5 5 5 5 5 5 5 5 5 5 5 5 5 5 5
661 MOHAMMAD 3 3 3 3 3 3 3 3 3 3 3 3 3 3 3 3 3 3 3
662 RAYAN 1 1 1 1 1 1 1 1 1 1 1 1 1 1 1 1 1 1 1
663 LIONEL 6 6 6 6 6 6 6 6 6 6 6 6 6 6 6 6 6 6 6
664 BRUNO 4 4 4 4 4 4 4 4 4 4 4 4 4 4 4 4 4 4 4
665 JAXXON 6 6 6 6 6 6 6 6 6 6 6 6 6 6 6 6 6 6 6
666 ZAID 4 4 4 4 4 4 4 4 4 4 4 4 4 4 4 4 4 4 4
667 BRYCEN 9 9 9 9 9 9 9 9 9 9 9 9 9 9 9 9 9 9 9
668 ROLAND 4 4 4 4 4 4 4 4 4 4 4 4 4 4 4 4 4 4 4
669 DILLON 5 5 5 5 5 5 5 5 5 5 5 5 5 5 5 5 5 5 5
670 LENNON 3 3 3 3 3 3 3 3 3 3 3 3 3 3 3 3 3 3 3
671 AMBROSE 6 6 6 6 6 6 6 6 6 6 6 6 6 6 6 6 6 6 6
672 RIO 1 1 1 1 1 1 1 1 1 1 1 1 1 1 1 1 1 1 1
673 MAC 8 8 8 8 8 8 8 8 8 8 8 8 8 8 8 8 8 8 8
674 AHMED 1 1 1 1 1 1 1 1 1 1 1 1 1 1 1 1 1 1 1
675 SAMIR 2 2 2 2 2 2 2 2 2 2 2 2 2 2 2 2 2 2 2
676 YOSEF 6 6 6 6 6 6 6 6 6 6 6 6 6 6 6 6 6 6 6
677 TRU 3 3 3 3 3 3 3 3 3 3 3 3 3 3 3 3 3 3 3
678 CREED 1 1 1 1 1 1 1 1 1 1 1 1 1 1 1 1 1 1 1
679 TONY 8 8 8 8 8 8 8 8 8 8 8 8 8 8 8 8 8 8 8
680 ALDEN 9 9 9 9 9 9 9 9 9 9 9 9 9 9 9 9 9 9 9
681 ADEN 6 6 6 6 6 6 6 6 6 6 6 6 6 6 6 6 6 6 6
682 ALEC 3 3 3 3 3 3 3 3 3 3 3 3 3 3 3 3 3 3 3
683 CARMELO 7 7 7 7 7 7 7 7 7 7 7 7 7 7 7 7 7 7 7
684 DARIO 6 6 6 6 6 6 6 6 6 6 6 6 6 6 6 6 6 6 6
685 MARCEL 9 9 9 9 9 9 9 9 9 9 9 9 9 9 9 9 9 9 9
686 ROGER 1 1 1 1 1 1 1 1 1 1 1 1 1 1 1 1 1 1 1
687 TY 5 5 5 5 5 5 5 5 5 5 5 5 5 5 5 5 5 5 5
688 AHMAD 6 6 6 6 6 6 6 6 6 6 6 6 6 6 6 6 6 6 6
689 EMIR 3 3 3 3 3 3 3 3 3 3 3 3 3 3 3 3 3 3 3
690 LANDYN 1 1 1 1 1 1 1 1 1 1 1 1 1 1 1 1 1 1 1
691 SKYLER 7 7 7 7 7 7 7 7 7 7 7 7 7 7 7 7 7 7 7
692 MOHAMMED 7 7 7 7 7 7 7 7 7 7 7 7 7 7 7 7 7 7 7
693 DENNIS 5 5 5 5 5 5 5 5 5 5 5 5 5 5 5 5 5 5 5
694 KAREEM 1 1 1 1 1 1 1 1 1 1 1 1 1 1 1 1 1 1 1
695 NIXON 5 5 5 5 5 5 5 5 5 5 5 5 5 5 5 5 5 5 5
696 REX 3 3 3 3 3 3 3 3 3 3 3 3 3 3 3 3 3 3 3
697 URIAH 6 6 6 6 6 6 6 6 6 6 6 6 6 6 6 6 6 6 6
698 LEE 4 4 4 4 4 4 4 4 4 4 4 4 4 4 4 4 4 4 4
699 LOUIE 4 4 4 4 4 4 4 4 4 4 4 4 4 4 4 4 4 4 4
700 RAYDEN 9 9 9 9 9 9 9 9 9 9 9 9 9 9 9 9 9 9 9
701 REESE 2 2 2 2 2 2 2 2 2 2 2 2 2 2 2 2 2 2 2
702 ALBERTO 6 6 6 6 6 6 6 6 6 6 6 6 6 6 6 6 6 6 6
703 CASON 1 1 1 1 1 1 1 1 1 1 1 1 1 1 1 1 1 1 1
704 QUINTON 2 2 2 2 2 2 2 2 2 2 2 2 2 2 2 2 2 2 2
705 KINGSLEY 5 5 5 5 5 5 5 5 5 5 5 5 5 5 5 5 5 5 5
706 CHAIM 5 5 5 5 5 5 5 5 5 5 5 5 5 5 5 5 5 5 5
707 ALFREDO 3 3 3 3 3 3 3 3 3 3 3 3 3 3 3 3 3 3 3
708 MAURICIO 7 7 7 7 7 7 7 7 7 7 7 7 7 7 7 7 7 7 7
709 CASPIAN 4 4 4 4 4 4 4 4 4 4 4 4 4 4 4 4 4 4 4
710 LEGACY 7 7 7 7 7 7 7 7 7 7 7 7 7 7 7 7 7 7 7
711 OCEAN 3 3 3 3 3 3 3 3 3 3 3 3 3 3 3 3 3 3 3
712 OZZY 4 4 4 4 4 4 4 4 4 4 4 4 4 4 4 4 4 4 4
713 BRIAR 8 8 8 8 8 8 8 8 8 8 8 8 8 8 8 8 8 8 8
714 WILSON 7 7 7 7 7 7 7 7 7 7 7 7 7 7 7 7 7 7 7
715 FOREST 2 2 2 2 2 2 2 2 2 2 2 2 2 2 2 2 2 2 2
716 GREY 2 2 2 2 2 2 2 2 2 2 2 2 2 2 2 2 2 2 2
717 JOZIAH 4 4 4 4 4 4 4 4 4 4 4 4 4 4 4 4 4 4 4
718 SALEM 7 7 7 7 7 7 7 7 7 7 7 7 7 7 7 7 7 7 7
719 NEIL 5 5 5 5 5 5 5 5 5 5 5 5 5 5 5 5 5 5 5
720 REMI 3 3 3 3 3 3 3 3 3 3 3 3 3 3 3 3 3 3 3
721 BRIDGER 1 1 1 1 1 1 1 1 1 1 1 1 1 1 1 1 1 1 1
722 HARRY 2 2 2 2 2 2 2 2 2 2 2 2 2 2 2 2 2 2 2
723 JEFFERSON 8 8 8 8 8 8 8 8 8 8 8 8 8 8 8 8 8 8 8
724 LACHLAN 3 3 3 3 3 3 3 3 3 3 3 3 3 3 3 3 3 3 3
725 NELSON 1 1 1 1 1 1 1 1 1 1 1 1 1 1 1 1 1 1 1
726 CASEN 8 8 8 8 8 8 8 8 8 8 8 8 8 8 8 8 8 8 8
727 SALVADOR 9 9 9 9 9 9 9 9 9 9 9 9 9 9 9 9 9 9 9
728 MAGNUS 4 4 4 4 4 4 4 4 4 4 4 4 4 4 4 4 4 4 4
729 TOMMY 2 2 2 2 2 2 2 2 2 2 2 2 2 2 2 2 2 2 2
730 MARCELLUS 3 3 3 3 3 3 3 3 3 3 3 3 3 3 3 3 3 3 3
731 MAXIMO 4 4 4 4 4 4 4 4 4 4 4 4 4 4 4 4 4 4 4
732 JERRY 2 2 2 2 2 2 2 2 2 2 2 2 2 2 2 2 2 2 2
733 CLYDE 7 7 7 7 7 7 7 7 7 7 7 7 7 7 7 7 7 7 7
734 ARON 6 6 6 6 6 6 6 6 6 6 6 6 6 6 6 6 6 6 6
735 KEATON 6 6 6 6 6 6 6 6 6 6 6 6 6 6 6 6 6 6 6
736 ELIAM 5 5 5 5 5 5 5 5 5 5 5 5 5 5 5 5 5 5 5
737 LIAN 1 1 1 1 1 1 1 1 1 1 1 1 1 1 1 1 1 1 1
738 TRACE 6 6 6 6 6 6 6 6 6 6 6 6 6 6 6 6 6 6 6
739 DOUGLAS 9 9 9 9 9 9 9 9 9 9 9 9 9 9 9 9 9 9 9
740 JUNIOR 4 4 4 4 4 4 4 4 4 4 4 4 4 4 4 4 4 4 4
741 TITAN 6 6 6 6 6 6 6 6 6 6 6 6 6 6 6 6 6 6 6
742 CULLEN 7 7 7 7 7 7 7 7 7 7 7 7 7 7 7 7 7 7 7
743 CILLIAN 8 8 8 8 8 8 8 8 8 8 8 8 8 8 8 8 8 8 8
744 MUSA 5 5 5 5 5 5 5 5 5 5 5 5 5 5 5 5 5 5 5
745 MYLO 6 6 6 6 6 6 6 6 6 6 6 6 6 6 6 6 6 6 6
746 HUGH 1 1 1 1 1 1 1 1 1 1 1 1 1 1 1 1 1 1 1
747 TOMAS 1 1 1 1 1 1 1 1 1 1 1 1 1 1 1 1 1 1 1
748 VINCENZO 3 3 3 3 3 3 3 3 3 3 3 3 3 3 3 3 3 3 3
749 WESTLEY 9 9 9 9 9 9 9 9 9 9 9 9 9 9 9 9 9 9 9
750 LANGSTON 4 4 4 4 4 4 4 4 4 4 4 4 4 4 4 4 4 4 4
751 BYRON 8 8 8 8 8 8 8 8 8 8 8 8 8 8 8 8 8 8 8
752 KIAAN 1 1 1 1 1 1 1 1 1 1 1 1 1 1 1 1 1 1 1
753 LOYAL 6 6 6 6 6 6 6 6 6 6 6 6 6 6 6 6 6 6 6
754 ORLANDO 2 2 2 2 2 2 2 2 2 2 2 2 2 2 2 2 2 2 2
755 KYRO 3 3 3 3 3 3 3 3 3 3 3 3 3 3 3 3 3 3 3
756 AMIAS 1 1 1 1 1 1 1 1 1 1 1 1 1 1 1 1 1 1 1
757 AMIRI 9 9 9 9 9 9 9 9 9 9 9 9 9 9 9 9 9 9 9
758 JIMMY 2 2 2 2 2 2 2 2 2 2 2 2 2 2 2 2 2 2 2
759 VICENTE 2 2 2 2 2 2 2 2 2 2 2 2 2 2 2 2 2 2 2
760 KHARI 2 2 2 2 2 2 2 2 2 2 2 2 2 2 2 2 2 2 2
761 BRENDAN 6 6 6 6 6 6 6 6 6 6 6 6 6 6 6 6 6 6 6
762 REY 8 8 8 8 8 8 8 8 8 8 8 8 8 8 8 8 8 8 8
763 BEN 3 3 3 3 3 3 3 3 3 3 3 3 3 3 3 3 3 3 3
764 EMERY 8 8 8 8 8 8 8 8 8 8 8 8 8 8 8 8 8 8 8
765 ZYAIR 3 3 3 3 3 3 3 3 3 3 3 3 3 3 3 3 3 3 3
766 BJORN 8 8 8 8 8 8 8 8 8 8 8 8 8 8 8 8 8 8 8
767 EVANDER 1 1 1 1 1 1 1 1 1 1 1 1 1 1 1 1 1 1 1
768 RAMON 1 1 1 1 1 1 1 1 1 1 1 1 1 1 1 1 1 1 1
769 ALVIN 7 7 7 7 7 7 7 7 7 7 7 7 7 7 7 7 7 7 7
770 RICKY 9 9 9 9 9 9 9 9 9 9 9 9 9 9 9 9 9 9 9
771 JAGGER 6 6 6 6 6 6 6 6 6 6 6 6 6 6 6 6 6 6 6
772 BROCK 7 7 7 7 7 7 7 7 7 7 7 7 7 7 7 7 7 7 7
773 DAKARI 2 2 2 2 2 2 2 2 2 2 2 2 2 2 2 2 2 2 2
774 EDDIE 1 1 1 1 1 1 1 1 1 1 1 1 1 1 1 1 1 1 1
775 BLAZE 9 9 9 9 9 9 9 9 9 9 9 9 9 9 9 9 9 9 9
776 GATLIN 8 8 8 8 8 8 8 8 8 8 8 8 8 8 8 8 8 8 8
777 ALONSO 8 8 8 8 8 8 8 8 8 8 8 8 8 8 8 8 8 8 8
778 CURTIS 1 1 1 1 1 1 1 1 1 1 1 1 1 1 1 1 1 1 1
779 KYLIAN 4 4 4 4 4 4 4 4 4 4 4 4 4 4 4 4 4 4 4
780 NATHANAEL 3 3 3 3 3 3 3 3 3 3 3 3 3 3 3 3 3 3 3
781 DEVON 9 9 9 9 9 9 9 9 9 9 9 9 9 9 9 9 9 9 9
782 WAYNE 9 9 9 9 9 9 9 9 9 9 9 9 9 9 9 9 9 9 9
783 ZAKAI 3 3 3 3 3 3 3 3 3 3 3 3 3 3 3 3 3 3 3
784 MATHEW 7 7 7 7 7 7 7 7 7 7 7 7 7 7 7 7 7 7 7
785 ROME 9 9 9 9 9 9 9 9 9 9 9 9 9 9 9 9 9 9 9
786 RIGGS 3 3 3 3 3 3 3 3 3 3 3 3 3 3 3 3 3 3 3
787 ARYAN 1 1 1 1 1 1 1 1 1 1 1 1 1 1 1 1 1 1 1
788 AVI 8 8 8 8 8 8 8 8 8 8 8 8 8 8 8 8 8 8 8
789 HASSAN 9 9 9 9 9 9 9 9 9 9 9 9 9 9 9 9 9 9 9
790 LOCHLAN 9 9 9 9 9 9 9 9 9 9 9 9 9 9 9 9 9 9 9
791 STANLEY 4 4 4 4 4 4 4 4 4 4 4 4 4 4 4 4 4 4 4
792 DASH 4 4 4 4 4 4 4 4 4 4 4 4 4 4 4 4 4 4 4
793 KAISER 5 5 5 5 5 5 5 5 5 5 5 5 5 5 5 5 5 5 5
794 BENICIO 6 6 6 6 6 6 6 6 6 6 6 6 6 6 6 6 6 6 6
795 BRYANT 6 6 6 6 6 6 6 6 6 6 6 6 6 6 6 6 6 6 6
796 TALON 2 2 2 2 2 2 2 2 2 2 2 2 2 2 2 2 2 2 2
797 ROHAN 2 2 2 2 2 2 2 2 2 2 2 2 2 2 2 2 2 2 2
798 WESSON 2 2 2 2 2 2 2 2 2 2 2 2 2 2 2 2 2 2 2
799 JOE 4 4 4 4 4 4 4 4 4 4 4 4 4 4 4 4 4 4 4
800 NOE 8 8 8 8 8 8 8 8 8 8 8 8 8 8 8 8 8 8 8
801 MELVIN 6 6 6 6 6 6 6 6 6 6 6 6 6 6 6 6 6 6 6
802 VIHAAN 1 1 1 1 1 1 1 1 1 1 1 1 1 1 1 1 1 1 1
803 ZAYD 4 4 4 4 4 4 4 4 4 4 4 4 4 4 4 4 4 4 4
804 DARREN 1 1 1 1 1 1 1 1 1 1 1 1 1 1 1 1 1 1 1
805 ENOCH 7 7 7 7 7 7 7 7 7 7 7 7 7 7 7 7 7 7 7
806 MITCHELL 1 1 1 1 1 1 1 1 1 1 1 1 1 1 1 1 1 1 1
807 JEDIDIAH 4 4 4 4 4 4 4 4 4 4 4 4 4 4 4 4 4 4 4
808 BRODIE 3 3 3 3 3 3 3 3 3 3 3 3 3 3 3 3 3 3 3
809 CASTIEL 2 2 2 2 2 2 2 2 2 2 2 2 2 2 2 2 2 2 2
810 IRA 4 4 4 4 4 4 4 4 4 4 4 4 4 4 4 4 4 4 4
811 LANCE 8 8 8 8 8 8 8 8 8 8 8 8 8 8 8 8 8 8 8
812 GUILLERMO 7 7 7 7 7 7 7 7 7 7 7 7 7 7 7 7 7 7 7
813 THATCHER 2 2 2 2 2 2 2 2 2 2 2 2 2 2 2 2 2 2 2
814 ERMIAS 7 7 7 7 7 7 7 7 7 7 7 7 7 7 7 7 7 7 7
815 MISAEL 8 8 8 8 8 8 8 8 8 8 8 8 8 8 8 8 8 8 8
816 JAKARI 8 8 8 8 8 8 8 8 8 8 8 8 8 8 8 8 8 8 8
817 EMORY 1 1 1 1 1 1 1 1 1 1 1 1 1 1 1 1 1 1 1
818 MCCOY 9 9 9 9 9 9 9 9 9 9 9 9 9 9 9 9 9 9 9
819 RUDY 4 4 4 4 4 4 4 4 4 4 4 4 4 4 4 4 4 4 4
820 THADDEUS 5 5 5 5 5 5 5 5 5 5 5 5 5 5 5 5 5 5 5
821 VALENTIN 3 3 3 3 3 3 3 3 3 3 3 3 3 3 3 3 3 3 3
822 YEHUDA 4 4 4 4 4 4 4 4 4 4 4 4 4 4 4 4 4 4 4
823 BODE 9 9 9 9 9 9 9 9 9 9 9 9 9 9 9 9 9 9 9
824 MADDEN 5 5 5 5 5 5 5 5 5 5 5 5 5 5 5 5 5 5 5
825 KASE 2 2 2 2 2 2 2 2 2 2 2 2 2 2 2 2 2 2 2
826 BEAR 1 1 1 1 1 1 1 1 1 1 1 1 1 1 1 1 1 1 1
827 BODEN 5 5 5 5 5 5 5 5 5 5 5 5 5 5 5 5 5 5 5
828 JIRAIYA 8 8 8 8 8 8 8 8 8 8 8 8 8 8 8 8 8 8 8
829 MAURICE 4 4 4 4 4 4 4 4 4 4 4 4 4 4 4 4 4 4 4
830 ALVARO 2 2 2 2 2 2 2 2 2 2 2 2 2 2 2 2 2 2 2
831 AMEER 8 8 8 8 8 8 8 8 8 8 8 8 8 8 8 8 8 8 8
832 DEMETRIUS 7 7 7 7 7 7 7 7 7 7 7 7 7 7 7 7 7 7 7
833 ELISEO 6 6 6 6 6 6 6 6 6 6 6 6 6 6 6 6 6 6 6
834 KABIR 8 8 8 8 8 8 8 8 8 8 8 8 8 8 8 8 8 8 8
835 KELLAN 1 1 1 1 1 1 1 1 1 1 1 1 1 1 1 1 1 1 1
836 ALLAN 4 4 4 4 4 4 4 4 4 4 4 4 4 4 4 4 4 4 4
837 AZRAEL 1 1 1 1 1 1 1 1 1 1 1 1 1 1 1 1 1 1 1
838 CALUM 8 8 8 8 8 8 8 8 8 8 8 8 8 8 8 8 8 8 8
839 NIKLAUS 3 3 3 3 3 3 3 3 3 3 3 3 3 3 3 3 3 3 3
840 RAY 4 4 4 4 4 4 4 4 4 4 4 4 4 4 4 4 4 4 4
841 DAMARI 4 4 4 4 4 4 4 4 4 4 4 4 4 4 4 4 4 4 4
842 ELIO 7 7 7 7 7 7 7 7 7 7 7 7 7 7 7 7 7 7 7
843 JON 4 4 4 4 4 4 4 4 4 4 4 4 4 4 4 4 4 4 4
844 LEIGHTON 6 6 6 6 6 6 6 6 6 6 6 6 6 6 6 6 6 6 6
845 AXL 9 9 9 9 9 9 9 9 9 9 9 9 9 9 9 9 9 9 9
846 DANE 6 6 6 6 6 6 6 6 6 6 6 6 6 6 6 6 6 6 6
847 EITHAN 3 3 3 3 3 3 3 3 3 3 3 3 3 3 3 3 3 3 3
848 EUGENE 2 2 2 2 2 2 2 2 2 2 2 2 2 2 2 2 2 2 2
849 KENJI 5 5 5 5 5 5 5 5 5 5 5 5 5 5 5 5 5 5 5
850 JAKOB 4 4 4 4 4 4 4 4 4 4 4 4 4 4 4 4 4 4 4
851 COLTEN 9 9 9 9 9 9 9 9 9 9 9 9 9 9 9 9 9 9 9
852 ELIEL 8 8 8 8 8 8 8 8 8 8 8 8 8 8 8 8 8 8 8
853 NOVA 1 1 1 1 1 1 1 1 1 1 1 1 1 1 1 1 1 1 1
854 SANTOS 5 5 5 5 5 5 5 5 5 5 5 5 5 5 5 5 5 5 5
855 ZAHIR 7 7 7 7 7 7 7 7 7 7 7 7 7 7 7 7 7 7 7
856 IDRIS 2 2 2 2 2 2 2 2 2 2 2 2 2 2 2 2 2 2 2
857 ISHAAN 7 7 7 7 7 7 7 7 7 7 7 7 7 7 7 7 7 7 7
858 KOLE 8 8 8 8 8 8 8 8 8 8 8 8 8 8 8 8 8 8 8
859 KORBIN 1 1 1 1 1 1 1 1 1 1 1 1 1 1 1 1 1 1 1
860 SEVEN 6 6 6 6 6 6 6 6 6 6 6 6 6 6 6 6 6 6 6
861 ALARIC 2 2 2 2 2 2 2 2 2 2 2 2 2 2 2 2 2 2 2
862 KELLEN 5 5 5 5 5 5 5 5 5 5 5 5 5 5 5 5 5 5 5
863 BRONSON 4 4 4 4 4 4 4 4 4 4 4 4 4 4 4 4 4 4 4
864 FRANCO 8 8 8 8 8 8 8 8 8 8 8 8 8 8 8 8 8 8 8
865 WES 5 5 5 5 5 5 5 5 5 5 5 5 5 5 5 5 5 5 5
866 LARRY 9 9 9 9 9 9 9 9 9 9 9 9 9 9 9 9 9 9 9
867 MEKHI 8 8 8 8 8 8 8 8 8 8 8 8 8 8 8 8 8 8 8
868 JAMAL 1 1 1 1 1 1 1 1 1 1 1 1 1 1 1 1 1 1 1
869 DILAN 5 5 5 5 5 5 5 5 5 5 5 5 5 5 5 5 5 5 5
870 ELISHA 9 9 9 9 9 9 9 9 9 9 9 9 9 9 9 9 9 9 9
871 BRENNAN 7 7 7 7 7 7 7 7 7 7 7 7 7 7 7 7 7 7 7
872 KACE 2 2 2 2 2 2 2 2 2 2 2 2 2 2 2 2 2 2 2
873 VAN 3 3 3 3 3 3 3 3 3 3 3 3 3 3 3 3 3 3 3
874 FELIPE 3 3 3 3 3 3 3 3 3 3 3 3 3 3 3 3 3 3 3
875 FISHER 6 6 6 6 6 6 6 6 6 6 6 6 6 6 6 6 6 6 6
876 CAL 7 7 7 7 7 7 7 7 7 7 7 7 7 7 7 7 7 7 7
877 DIOR 5 5 5 5 5 5 5 5 5 5 5 5 5 5 5 5 5 5 5
878 JUDSON 8 8 8 8 8 8 8 8 8 8 8 8 8 8 8 8 8 8 8
879 ALFONSO 7 7 7 7 7 7 7 7 7 7 7 7 7 7 7 7 7 7 7
880 DEANDRE 8 8 8 8 8 8 8 8 8 8 8 8 8 8 8 8 8 8 8
881 ROCKY 6 6 6 6 6 6 6 6 6 6 6 6 6 6 6 6 6 6 6
882 HENRIK 2 2 2 2 2 2 2 2 2 2 2 2 2 2 2 2 2 2 2
883 REUBEN 7 7 7 7 7 7 7 7 7 7 7 7 7 7 7 7 7 7 7
884 ANDERS 2 2 2 2 2 2 2 2 2 2 2 2 2 2 2 2 2 2 2
885 ARIAN 1 1 1 1 1 1 1 1 1 1 1 1 1 1 1 1 1 1 1
886 DAMIR 3 3 3 3 3 3 3 3 3 3 3 3 3 3 3 3 3 3 3
887 JACOBY 6 6 6 6 6 6 6 6 6 6 6 6 6 6 6 6 6 6 6
888 KHALID 7 7 7 7 7 7 7 7 7 7 7 7 7 7 7 7 7 7 7
889 KYE 8 8 8 8 8 8 8 8 8 8 8 8 8 8 8 8 8 8 8
890 MUSTAFA 9 9 9 9 9 9 9 9 9 9 9 9 9 9 9 9 9 9 9
891 JADIEL 6 6 6 6 6 6 6 6 6 6 6 6 6 6 6 6 6 6 6
892 STEFAN 8 8 8 8 8 8 8 8 8 8 8 8 8 8 8 8 8 8 8
893 YOUSEF 3 3 3 3 3 3 3 3 3 3 3 3 3 3 3 3 3 3 3
894 AYDIN 3 3 3 3 3 3 3 3 3 3 3 3 3 3 3 3 3 3 3
895 JERICHO 6 6 6 6 6 6 6 6 6 6 6 6 6 6 6 6 6 6 6
896 ROBIN 8 8 8 8 8 8 8 8 8 8 8 8 8 8 8 8 8 8 8
897 WALLACE 4 4 4 4 4 4 4 4 4 4 4 4 4 4 4 4 4 4 4
898 ALISTAIR 7 7 7 7 7 7 7 7 7 7 7 7 7 7 7 7 7 7 7
899 DAVION 6 6 6 6 6 6 6 6 6 6 6 6 6 6 6 6 6 6 6
900 ALFRED 5 5 5 5 5 5 5 5 5 5 5 5 5 5 5 5 5 5 5
901 ERNESTO 4 4 4 4 4 4 4 4 4 4 4 4 4 4 4 4 4 4 4
902 KYNG 2 2 2 2 2 2 2 2 2 2 2 2 2 2 2 2 2 2 2
903 EVEREST 3 3 3 3 3 3 3 3 3 3 3 3 3 3 3 3 3 3 3
904 GARY 7 7 7 7 7 7 7 7 7 7 7 7 7 7 7 7 7 7 7
905 LEROY 9 9 9 9 9 9 9 9 9 9 9 9 9 9 9 9 9 9 9
906 YAHIR 1 1 1 1 1 1 1 1 1 1 1 1 1 1 1 1 1 1 1
907 BRADEN 1 1 1 1 1 1 1 1 1 1 1 1 1 1 1 1 1 1 1
908 KELVIN 4 4 4 4 4 4 4 4 4 4 4 4 4 4 4 4 4 4 4
909 KRISTIAN 1 1 1 1 1 1 1 1 1 1 1 1 1 1 1 1 1 1 1
910 ADLER 6 6 6 6 6 6 6 6 6 6 6 6 6 6 6 6 6 6 6
911 AVYAAN 6 6 6 6 6 6 6 6 6 6 6 6 6 6 6 6 6 6 6
912 BRAYAN 3 3 3 3 3 3 3 3 3 3 3 3 3 3 3 3 3 3 3
913 JONES 3 3 3 3 3 3 3 3 3 3 3 3 3 3 3 3 3 3 3
914 TRUETT 7 7 7 7 7 7 7 7 7 7 7 7 7 7 7 7 7 7 7
915 ARIES 3 3 3 3 3 3 3 3 3 3 3 3 3 3 3 3 3 3 3
916 JOEY 5 5 5 5 5 5 5 5 5 5 5 5 5 5 5 5 5 5 5
917 RANDY 4 4 4 4 4 4 4 4 4 4 4 4 4 4 4 4 4 4 4
918 JAXX 3 3 3 3 3 3 3 3 3 3 3 3 3 3 3 3 3 3 3
919 JESIAH 7 7 7 7 7 7 7 7 7 7 7 7 7 7 7 7 7 7 7
920 JOVANNI 8 8 8 8 8 8 8 8 8 8 8 8 8 8 8 8 8 8 8
921 AZRIEL 1 1 1 1 1 1 1 1 1 1 1 1 1 1 1 1 1 1 1
922 BRECKEN 6 6 6 6 6 6 6 6 6 6 6 6 6 6 6 6 6 6 6
923 HARLEY 8 8 8 8 8 8 8 8 8 8 8 8 8 8 8 8 8 8 8
924 ZECHARIAH 3 3 3 3 3 3 3 3 3 3 3 3 3 3 3 3 3 3 3
925 GORDON 1 1 1 1 1 1 1 1 1 1 1 1 1 1 1 1 1 1 1
926 JAKAI 6 6 6 6 6 6 6 6 6 6 6 6 6 6 6 6 6 6 6
927 CARL 9 9 9 9 9 9 9 9 9 9 9 9 9 9 9 9 9 9 9
928 GRAYSEN 2 2 2 2 2 2 2 2 2 2 2 2 2 2 2 2 2 2 2
929 KYLEN 7 7 7 7 7 7 7 7 7 7 7 7 7 7 7 7 7 7 7
930 AYAN 8 8 8 8 8 8 8 8 8 8 8 8 8 8 8 8 8 8 8
931 BRANSON 7 7 7 7 7 7 7 7 7 7 7 7 7 7 7 7 7 7 7
932 CROSBY 9 9 9 9 9 9 9 9 9 9 9 9 9 9 9 9 9 9 9
933 DOMINIK 6 6 6 6 6 6 6 6 6 6 6 6 6 6 6 6 6 6 6
934 JABARI 8 8 8 8 8 8 8 8 8 8 8 8 8 8 8 8 8 8 8
935 JAXTYN 8 8 8 8 8 8 8 8 8 8 8 8 8 8 8 8 8 8 8
936 KRISTOPHER 3 3 3 3 3 3 3 3 3 3 3 3 3 3 3 3 3 3 3
937 ULISES 3 3 3 3 3 3 3 3 3 3 3 3 3 3 3 3 3 3 3
938 ZYON 2 2 2 2 2 2 2 2 2 2 2 2 2 2 2 2 2 2 2
939 FOX 2 2 2 2 2 2 2 2 2 2 2 2 2 2 2 2 2 2 2
940 HOWARD 7 7 7 7 7 7 7 7 7 7 7 7 7 7 7 7 7 7 7
941 SALVATORE 5 5 5 5 5 5 5 5 5 5 5 5 5 5 5 5 5 5 5
942 TURNER 6 6 6 6 6 6 6 6 6 6 6 6 6 6 6 6 6 6 6
943 VANCE 2 2 2 2 2 2 2 2 2 2 2 2 2 2 2 2 2 2 2
944 HARLEM 2 2 2 2 2 2 2 2 2 2 2 2 2 2 2 2 2 2 2
945 JAIR 5 5 5 5 5 5 5 5 5 5 5 5 5 5 5 5 5 5 5
946 JAKOBE 9 9 9 9 9 9 9 9 9 9 9 9 9 9 9 9 9 9 9
947 JEREMIAS 4 4 4 4 4 4 4 4 4 4 4 4 4 4 4 4 4 4 4
948 OSIRIS 8 8 8 8 8 8 8 8 8 8 8 8 8 8 8 8 8 8 8
949 AZAEL 8 8 8 8 8 8 8 8 8 8 8 8 8 8 8 8 8 8 8
950 BOWIE 3 3 3 3 3 3 3 3 3 3 3 3 3 3 3 3 3 3 3
951 CANAAN 7 7 7 7 7 7 7 7 7 7 7 7 7 7 7 7 7 7 7
952 ELON 2 2 2 2 2 2 2 2 2 2 2 2 2 2 2 2 2 2 2
953 GRANGER 3 3 3 3 3 3 3 3 3 3 3 3 3 3 3 3 3 3 3
954 KARSYN 5 5 5 5 5 5 5 5 5 5 5 5 5 5 5 5 5 5 5
955 ZAVIER 4 4 4 4 4 4 4 4 4 4 4 4 4 4 4 4 4 4 4
956 CAIN 1 1 1 1 1 1 1 1 1 1 1 1 1 1 1 1 1 1 1
957 DANGELO 1 1 1 1 1 1 1 1 1 1 1 1 1 1 1 1 1 1 1
958 HEATH 2 2 2 2 2 2 2 2 2 2 2 2 2 2 2 2 2 2 2
959 YISROEL 4 4 4 4 4 4 4 4 4 4 4 4 4 4 4 4 4 4 4
960 GIAN 1 1 1 1 1 1 1 1 1 1 1 1 1 1 1 1 1 1 1
961 SHEPARD 1 1 1 1 1 1 1 1 1 1 1 1 1 1 1 1 1 1 1
962 HAROLD 4 4 4 4 4 4 4 4 4 4 4 4 4 4 4 4 4 4 4
963 KAMDYN 8 8 8 8 8 8 8 8 8 8 8 8 8 8 8 8 8 8 8
964 RENE 8 8 8 8 8 8 8 8 8 8 8 8 8 8 8 8 8 8 8
965 RODNEY 6 6 6 6 6 6 6 6 6 6 6 6 6 6 6 6 6 6 6
966 YAAKOV 9 9 9 9 9 9 9 9 9 9 9 9 9 9 9 9 9 9 9
967 ADRIEN 9 9 9 9 9 9 9 9 9 9 9 9 9 9 9 9 9 9 9
968 KARTIER 8 8 8 8 8 8 8 8 8 8 8 8 8 8 8 8 8 8 8
969 CASSIAN 8 8 8 8 8 8 8 8 8 8 8 8 8 8 8 8 8 8 8
970 COLESON 6 6 6 6 6 6 6 6 6 6 6 6 6 6 6 6 6 6 6
971 AHMIR 4 4 4 4 4 4 4 4 4 4 4 4 4 4 4 4 4 4 4
972 DARIAN 5 5 5 5 5 5 5 5 5 5 5 5 5 5 5 5 5 5 5
973 GENESIS 7 7 7 7 7 7 7 7 7 7 7 7 7 7 7 7 7 7 7
974 KALEL 5 5 5 5 5 5 5 5 5 5 5 5 5 5 5 5 5 5 5
975 AGUSTIN 5 5 5 5 5 5 5 5 5 5 5 5 5 5 5 5 5 5 5
976 WYLDER 3 3 3 3 3 3 3 3 3 3 3 3 3 3 3 3 3 3 3
977 YADIEL 6 6 6 6 6 6 6 6 6 6 6 6 6 6 6 6 6 6 6
978 EPHRAIM 8 8 8 8 8 8 8 8 8 8 8 8 8 8 8 8 8 8 8
979 KODY 5 5 5 5 5 5 5 5 5 5 5 5 5 5 5 5 5 5 5
980 NEO 8 8 8 8 8 8 8 8 8 8 8 8 8 8 8 8 8 8 8
981 IGNACIO 3 3 3 3 3 3 3 3 3 3 3 3 3 3 3 3 3 3 3
982 OSMAN 2 2 2 2 2 2 2 2 2 2 2 2 2 2 2 2 2 2 2
983 ALDO 6 6 6 6 6 6 6 6 6 6 6 6 6 6 6 6 6 6 6
984 ABDULLAH 7 7 7 7 7 7 7 7 7 7 7 7 7 7 7 7 7 7 7
985 CORY 4 4 4 4 4 4 4 4 4 4 4 4 4 4 4 4 4 4 4
986 BLAINE 8 8 8 8 8 8 8 8 8 8 8 8 8 8 8 8 8 8 8
987 DIMITRI 8 8 8 8 8 8 8 8 8 8 8 8 8 8 8 8 8 8 8
988 KHAI 9 9 9 9 9 9 9 9 9 9 9 9 9 9 9 9 9 9 9
989 LANDRY 7 7 7 7 7 7 7 7 7 7 7 7 7 7 7 7 7 7 7
990 PALMER 5 5 5 5 5 5 5 5 5 5 5 5 5 5 5 5 5 5 5
991 BENEDICT 2 2 2 2 2 2 2 2 2 2 2 2 2 2 2 2 2 2 2
992 LEIF 8 8 8 8 8 8 8 8 8 8 8 8 8 8 8 8 8 8 8
993 KOEN 1 1 1 1 1 1 1 1 1 1 1 1 1 1 1 1 1 1 1
994 MAXTON 8 8 8 8 8 8 8 8 8 8 8 8 8 8 8 8 8 8 8
995 MORDECHAI 5 5 5 5 5 5 5 5 5 5 5 5 5 5 5 5 5 5 5
996 ZEV 9 9 9 9 9 9 9 9 9 9 9 9 9 9 9 9 9 9 9
997 ATHARV 1 1 1 1 1 1 1 1 1 1 1 1 1 1 1 1 1 1 1
998 BISHOP 8 8 8 8 8 8 8 8 8 8 8 8 8 8 8 8 8 8 8
999 BLAISE 6 6 6 6 6 6 6 6 6 6 6 6 6 6 6 6 6 6 6
1000 DAVIAN 9 None None None None None None None None None None None None None None None None None None
